(title "X Velocity vs. Curve Length")
(labels "Curve Length" "X Velocity")

((xy/key/label "line2")
0	-0.00043953
0.00136163	-0.00132333
0.0162102	-0.0107293
0.0271035	-0.0172452
0.0395871	-0.0242081
0.0547446	-0.0317411
0.0642359	-0.0358226
0.0814144	-0.0412049
0.0917115	-0.043057
0.107196	-0.0440252
0.120809	-0.0412269
0.133606	-0.0354741
0.150012	-0.0235206
0.159614	-0.0136068
0.176604	0.00988851
0.186754	0.0275425
0.202213	0.0591047
0.213446	0.0861114
0.224714	0.11812
0.236012	0.155738
0.240262	0.171897
0.252335	0.223635
0.264971	0.286448
0.277423	0.356276
0.2878	0.434422
0.296454	0.504481
0.303664	0.516431
0.309673	0.411784
0.314681	0
)
