(title "X Velocity vs. Curve Length")
(labels "Curve Length" "X Velocity")

((xy/key/label "line3")
0	0
0.00499686	0.242902
0.0109996	0.385755
0.0182028	0.412937
0.0268467	0.39857
0.0372194	0.32913
0.0496414	0.261088
0.062305	0.19827
0.0744164	0.150206
0.0811081	0.126961
0.0949093	0.092108
0.106682	0.0672189
0.122493	0.0384034
0.133193	0.0203888
0.150854	-0.00419431
0.160905	-0.0129727
0.177767	-0.0226081
0.191373	-0.0281563
0.208428	-0.031928
0.225477	-0.0312922
0.241807	-0.0273126
0.256935	-0.0225328
0.271454	-0.0180188
0.283462	-0.013975
0.286528	-0.0127392
0.29876	-0.00750156
0.313334	-0.00102853
0.314648	-0.000431276
)
