(title "X Velocity vs. Curve Length")
(labels "Curve Length" "X Velocity")

((xy/key/label "line5")
0	0
0.00499694	-0.397016
0.0109938	-0.401326
0.018193	-0.396203
0.0268325	-0.418897
0.0371999	-0.399849
0.0496396	-0.343745
0.062315	-0.284307
0.0743936	-0.233129
0.0783445	-0.21767
0.0873946	-0.187585
0.100351	-0.148517
0.109388	-0.12435
0.123608	-0.0925923
0.132993	-0.075326
0.144828	-0.0586246
0.15843	-0.0442516
0.17209	-0.0321778
0.175819	-0.0287602
0.190683	-0.0176544
0.204653	-0.0101402
0.220438	-0.00384203
0.231485	-0.000791809
0.24853	0.00245752
0.258584	0.00351003
0.271799	0.00356655
0.274595	0.00347318
0.283913	0.00274754
0.289724	0.00219305
0.30026	0.00112395
0.307366	0.000388209
0.3127	-0.000195116
0.314783	-0.000419536
)
