(title "X Velocity vs. Curve Length")
(labels "Curve Length" "X Velocity")

((xy/key/label "line1")
0	-0.000443403
0.00167751	-0.00169955
0.0132213	-0.0102027
0.028981	-0.0215466
0.0407385	-0.029968
0.0529747	-0.0385407
0.0697771	-0.0505551
0.0848427	-0.0607663
0.0995287	-0.0695623
0.106333	-0.0730339
0.107359	-0.0735351
0.120183	-0.0777379
0.129907	-0.0809706
0.14592	-0.0838918
0.161101	-0.0854992
0.161146	-0.0854976
0.17727	-0.0854036
0.193712	-0.0840205
0.208991	-0.0809556
0.21995	-0.0782038
0.233948	-0.0741234
0.240589	-0.0715487
0.252586	-0.0666392
0.265173	-0.059738
0.277555	-0.0545443
0.287921	-0.0423922
0.29656	-0.0304272
0.303758	-0.0171323
0.309754	-0.0254182
0.314751	0
)
