(title "X Velocity vs. Curve Length")
(labels "Curve Length" "X Velocity")

((xy/key/label "line4")
0	-0.000424246
0.00148902	-0.00070617
0.0131291	-0.00284768
0.0262543	-0.00537136
0.0348114	-0.00669565
0.0393666	-0.00744629
0.0439452	-0.00814893
0.0586935	-0.0112999
0.0752188	-0.0155062
0.088612	-0.019284
0.102977	-0.0246872
0.112144	-0.0286372
0.124148	-0.0328027
0.138346	-0.0375405
0.149364	-0.0405153
0.162901	-0.0422952
0.172213	-0.043273
0.187563	-0.0482493
0.197957	-0.0518243
0.211551	-0.0546652
0.221606	-0.0543044
0.235159	-0.0520919
0.240671	-0.046358
0.252668	-0.03
0.2652	-0.00831228
0.277607	0.00163064
0.287969	-0.0705496
0.296581	-0.281641
0.303769	-0.495213
0.309743	-0.425303
0.314718	0
)
