(title "Y Velocity vs. Curve Length")
(labels "Curve Length" "Y Velocity")

((xy/key/label "line5")
0	0
0.00499694	7.83812
0.0109938	9.21128
0.018193	9.87193
0.0268325	10.0901
0.0371999	10.1524
0.0496396	10.1662
0.062315	10.1717
0.0743936	10.174
0.0783445	10.1733
0.0873946	10.1701
0.100351	10.1662
0.109388	10.1633
0.123608	10.156
0.132993	10.1515
0.144828	10.1443
0.15843	10.1325
0.17209	10.1223
0.175819	10.12
0.190683	10.1091
0.204653	10.097
0.220438	10.0851
0.231485	10.0784
0.24853	10.07
0.258584	10.0655
0.271799	10.0607
0.274595	10.0599
0.283913	10.0578
0.289724	10.0567
0.30026	10.0553
0.307366	10.0547
0.3127	10.0545
0.314783	10.0546
)
