(title "Y Velocity vs. Curve Length")
(labels "Curve Length" "Y Velocity")

((xy/key/label "line4")
0	10.0546
0.00148902	10.0545
0.0131291	10.0551
0.0262543	10.0569
0.0348114	10.0586
0.0393666	10.0597
0.0439452	10.0611
0.0586935	10.0667
0.0752188	10.0755
0.088612	10.0842
0.102977	10.095
0.112144	10.1029
0.124148	10.1146
0.138346	10.1298
0.149364	10.1434
0.162901	10.1631
0.172213	10.1784
0.187563	10.2055
0.197957	10.2273
0.211551	10.2603
0.221606	10.2858
0.235159	10.321
0.240671	10.3393
0.252668	10.3907
0.2652	10.4514
0.277607	10.4949
0.287969	10.451
0.296581	10.2917
0.303769	9.94291
0.309743	8.87602
0.314718	0
)
