(title "Y Velocity vs. Curve Length")
(labels "Curve Length" "Y Velocity")

((xy/key/label "line3")
0	0
0.00499686	8.30966
0.0109996	9.83532
0.0182028	10.2025
0.0268467	10.281
0.0372194	10.3009
0.0496414	10.3025
0.062305	10.2955
0.0744164	10.277
0.0811081	10.2656
0.0949093	10.2479
0.106682	10.235
0.122493	10.2113
0.133193	10.1929
0.150854	10.166
0.160905	10.1532
0.177767	10.1319
0.191373	10.1151
0.208428	10.0973
0.225477	10.0835
0.241807	10.0733
0.256935	10.066
0.271454	10.061
0.283462	10.058
0.286528	10.0573
0.29876	10.0554
0.313334	10.0545
0.314648	10.0546
)
