(title "Y Velocity vs. Curve Length")
(labels "Curve Length" "Y Velocity")

((xy/key/label "line1")
0	10.0546
0.00167751	10.0545
0.0132213	10.0551
0.028981	10.0574
0.0407385	10.0601
0.0529747	10.0641
0.0697771	10.0719
0.0848427	10.0804
0.0995287	10.0897
0.106333	10.0942
0.107359	10.0949
0.120183	10.104
0.129907	10.1113
0.14592	10.124
0.161101	10.1369
0.161146	10.1369
0.17727	10.148
0.193712	10.1573
0.208991	10.1649
0.21995	10.1691
0.233948	10.1734
0.240589	10.1749
0.252586	10.1736
0.265173	10.1686
0.277555	10.1547
0.287921	10.0922
0.29656	9.87507
0.303758	9.21729
0.309754	7.84455
0.314751	0
)
