(title "Y Velocity vs. Curve Length")
(labels "Curve Length" "Y Velocity")

((xy/key/label "line2")
0	10.0546
0.00136163	10.0545
0.0162102	10.0554
0.0271035	10.0572
0.0395871	10.0599
0.0547446	10.0645
0.0642359	10.0682
0.0814144	10.0768
0.0917115	10.0825
0.107196	10.093
0.120809	10.1049
0.133606	10.1169
0.150012	10.13
0.159614	10.1367
0.176604	10.1485
0.186754	10.1537
0.202213	10.1531
0.213446	10.1475
0.224714	10.1412
0.236012	10.1376
0.240262	10.1334
0.252335	10.104
0.264971	10.0549
0.277423	9.99087
0.2878	9.89529
0.296454	9.62129
0.303664	8.77246
0.309673	6.83333
0.314681	0
)
