(title "Z Velocity vs. Curve Length")
(labels "Curve Length" "Z Velocity")

((xy/key/label "line5")
0	0
0.00499694	-0.0300796
0.0109938	-0.0212639
0.018193	-0.0328275
0.0268325	-0.0435954
0.0371999	-0.0549122
0.0496396	-0.0593541
0.062315	-0.0658919
0.0743936	-0.0706829
0.0783445	-0.0722613
0.0873946	-0.0747746
0.100351	-0.0781017
0.109388	-0.0805072
0.123608	-0.0828629
0.132993	-0.084553
0.144828	-0.0859625
0.15843	-0.0851275
0.17209	-0.0817403
0.175819	-0.0812619
0.190683	-0.0773466
0.204653	-0.0733877
0.220438	-0.0660969
0.231485	-0.0593526
0.24853	-0.0476895
0.258584	-0.0407164
0.271799	-0.0315038
0.274595	-0.0296024
0.283913	-0.0230329
0.289724	-0.018951
0.30026	-0.0112284
0.307366	-0.00595626
0.3127	-0.00192338
0.314783	-0.000354357
)
