(title "Z Velocity vs. Curve Length")
(labels "Curve Length" "Z Velocity")

((xy/key/label "line3")
0	0
0.00499686	0.184388
0.0109996	0.127891
0.0182028	0.0311856
0.0268467	-0.01302
0.0372194	-0.0599457
0.0496414	-0.0870142
0.062305	-0.113139
0.0744164	-0.126395
0.0811081	-0.133127
0.0949093	-0.139295
0.106682	-0.141138
0.122493	-0.136263
0.133193	-0.129045
0.150854	-0.114401
0.160905	-0.108632
0.177767	-0.0985011
0.191373	-0.0859135
0.208428	-0.0700581
0.225477	-0.056944
0.241807	-0.0468595
0.256935	-0.0376355
0.271454	-0.0281345
0.283462	-0.0201948
0.286528	-0.0181667
0.29876	-0.0101984
0.313334	-0.00115997
0.314648	-0.000342592
)
