(title "Z Velocity vs. Curve Length")
(labels "Curve Length" "Z Velocity")

((xy/key/label "line4")
0	-0.000343995
0.00148902	-0.00145526
0.0131291	-0.0101335
0.0262543	-0.0200026
0.0348114	-0.0266314
0.0393666	-0.0301849
0.0439452	-0.0338703
0.0586935	-0.0459108
0.0752188	-0.0593456
0.088612	-0.0701278
0.102977	-0.0821944
0.112144	-0.0905657
0.124148	-0.102852
0.138346	-0.118811
0.149364	-0.132481
0.162901	-0.149427
0.172213	-0.16137
0.187563	-0.181332
0.197957	-0.196205
0.211551	-0.217556
0.221606	-0.2351
0.235159	-0.261527
0.240671	-0.273011
0.252668	-0.301695
0.2652	-0.331572
0.277607	-0.35691
0.287969	-0.346547
0.296581	-0.292323
0.303769	-0.201418
0.309743	-0.157027
0.314718	0
)
