(title "Z Velocity vs. Curve Length")
(labels "Curve Length" "Z Velocity")

((xy/key/label "line1")
0	-0.000358757
0.00167751	-0.00054532
0.0132213	-0.00179493
0.028981	-0.00339387
0.0407385	-0.00441675
0.0529747	-0.00464004
0.0697771	-0.00346621
0.0848427	-0.00122766
0.0995287	0.00310641
0.106333	0.00618426
0.107359	0.00672331
0.120183	0.0144677
0.129907	0.0207723
0.14592	0.0331376
0.161101	0.0489734
0.161146	0.0490257
0.17727	0.0697852
0.193712	0.0975193
0.208991	0.131592
0.21995	0.16184
0.233948	0.205448
0.240589	0.230704
0.252586	0.282044
0.265173	0.340385
0.277555	0.395916
0.287921	0.413726
0.29656	0.390489
0.303758	0.393184
0.309754	0.389264
0.314751	0
)
