(title "Z Velocity vs. Curve Length")
(labels "Curve Length" "Z Velocity")

((xy/key/label "line2")
0	-0.000348132
0.00136163	-0.000889943
0.0162102	-0.00674069
0.0271035	-0.0110666
0.0395871	-0.0158396
0.0547446	-0.0205926
0.0642359	-0.0226867
0.0814144	-0.026053
0.0917115	-0.0275777
0.107196	-0.0295222
0.120809	-0.0313102
0.133606	-0.0311472
0.150012	-0.0282427
0.159614	-0.0251578
0.176604	-0.0151942
0.186754	-0.00593413
0.202213	0.0125778
0.213446	0.0295696
0.224714	0.0495217
0.236012	0.0709012
0.240262	0.0800026
0.252335	0.11004
0.264971	0.149312
0.277423	0.19459
0.2878	0.224611
0.296454	0.222049
0.303664	0.237982
0.309673	0.321361
0.314681	0
)
