(title "X Velocity vs. Curve Length")
(labels "Curve Length" "X Velocity")

((xy/key/label "line3")
0	0
0.00458521	-1.7419
0.0101566	-1.49964
0.0169175	-1.35276
0.0251131	-1.21563
0.0350374	-1.08623
0.0470392	-0.982136
0.0593305	-0.892221
0.0711542	-0.822096
0.0771335	-0.790838
0.091644	-0.712868
0.102571	-0.661321
0.116694	-0.601454
0.13216	-0.541239
0.143166	-0.500209
0.14331	-0.49968
0.161435	-0.436208
0.176234	-0.387439
0.180542	-0.373674
0.191176	-0.340693
0.201168	-0.310351
0.203663	-0.302929
0.219509	-0.256558
0.235983	-0.209889
0.250878	-0.169117
0.25693	-0.152635
0.263341	-0.135392
0.278252	-0.0955821
0.295751	-0.0496197
0.310236	-0.0117438
0.31467	-0.000159319
)
