(title "X Velocity vs. Curve Length")
(labels "Curve Length" "X Velocity")

((xy/key/label "line5")
0	-0.000158294
0.0105992	-0.00639246
0.0237303	-0.0140513
0.033828	-0.0202567
0.0481215	-0.0292559
0.0585966	-0.036131
0.0751574	-0.047495
0.0890925	-0.0577563
0.0992288	-0.0662117
0.115274	-0.0804279
0.127647	-0.0920868
0.139676	-0.1048
0.156128	-0.124212
0.166696	-0.137968
0.180879	-0.158753
0.195642	-0.183191
0.204408	-0.200126
0.20603	-0.203174
0.222831	-0.239251
0.233546	-0.265476
0.241177	-0.28783
0.253349	-0.329252
0.266111	-0.383504
0.278436	-0.451861
0.288679	-0.534996
0.29719	-0.668415
0.304156	-0.854529
0.309918	-0.985126
0.314685	0
)
