(title "X Velocity vs. Curve Length")
(labels "Curve Length" "X Velocity")

((xy/key/label "line2")
0	-0.000159319
0.00340373	-0.0106935
0.0194459	-0.0603121
0.0334684	-0.103422
0.0480928	-0.148448
0.0652419	-0.200811
0.0819689	-0.251271
0.0982177	-0.299635
0.107729	-0.327844
0.12368	-0.3745
0.13729	-0.413128
0.149014	-0.446169
0.161943	-0.481798
0.171403	-0.508049
0.177786	-0.525324
0.181185	-0.534656
0.196721	-0.575689
0.213435	-0.620882
0.227359	-0.658991
0.239274	-0.694265
0.242872	-0.704367
0.254487	-0.742257
0.26673	-0.790119
0.278826	-0.849885
0.288896	-0.91973
0.297249	-0.984667
0.304167	-1.03695
0.309883	-1.11691
0.314604	0
)
