(title "X Velocity vs. Curve Length")
(labels "Curve Length" "X Velocity")

((xy/key/label "line1")
0	-0.00015915
0.00315129	-0.00994706
0.0167468	-0.0521396
0.0195906	-0.0609743
0.0322529	-0.100159
0.0358978	-0.111419
0.0502219	-0.155435
0.0669451	-0.206452
0.0829022	-0.254335
0.0987442	-0.301668
0.11479	-0.348275
0.125927	-0.379988
0.138628	-0.415912
0.15435	-0.458899
0.159294	-0.471993
0.16483	-0.486617
0.180474	-0.526622
0.194165	-0.559045
0.203299	-0.579933
0.217299	-0.611853
0.226103	-0.630254
0.237419	-0.653116
0.241422	-0.659561
0.25339	-0.68116
0.26604	-0.702218
0.278443	-0.721188
0.288683	-0.733404
0.297171	-0.734434
0.304143	-0.69354
0.309913	-0.689723
0.314687	0
)
