(title "X Velocity vs. Curve Length")
(labels "Curve Length" "X Velocity")

((xy/key/label "line4")
0	-0.000159319
0.0081349	-0.0142539
0.0109162	-0.0190821
0.0229908	-0.0401095
0.0232035	-0.0404845
0.0324796	-0.0568574
0.0473694	-0.0837513
0.0632926	-0.113841
0.0755893	-0.138193
0.0872279	-0.162457
0.102678	-0.196414
0.117678	-0.232272
0.132519	-0.270367
0.148059	-0.314809
0.160798	-0.354697
0.170849	-0.388518
0.171449	-0.390572
0.18689	-0.44646
0.202618	-0.510387
0.215051	-0.566545
0.227436	-0.626443
0.239211	-0.688531
0.243688	-0.711915
0.255348	-0.780646
0.26757	-0.867655
0.27959	-0.965293
0.289537	-1.07127
0.297749	-1.19435
0.30452	-1.38666
0.310108	-1.64475
0.314703	0
)
