(title "Y Velocity vs. Curve Length")
(labels "Curve Length" "Y Velocity")

((xy/key/label "line3")
0	0
0.00458521	12.1329
0.0101566	11.8894
0.0169175	11.4546
0.0251131	11.0534
0.0350374	10.7156
0.0470392	10.4346
0.0593305	10.2275
0.0711542	10.0693
0.0771335	10.0052
0.091644	9.88446
0.102571	9.80782
0.116694	9.72652
0.13216	9.65352
0.143166	9.60608
0.14331	9.60547
0.161435	9.54008
0.176234	9.49788
0.180542	9.48717
0.191176	9.46285
0.201168	9.44279
0.203663	9.43799
0.219509	9.41126
0.235983	9.38905
0.250878	9.37317
0.25693	9.36783
0.263341	9.36286
0.278252	9.3538
0.295751	9.34712
0.310236	9.34471
0.31467	9.34473
)
