(title "Y Velocity vs. Curve Length")
(labels "Curve Length" "Y Velocity")

((xy/key/label "line2")
0	9.34473
0.00340373	9.34461
0.0194459	9.34737
0.0334684	9.35253
0.0480928	9.36065
0.0652419	9.37403
0.0819689	9.39175
0.0982177	9.41322
0.107729	9.4278
0.12368	9.4559
0.13729	9.48312
0.149014	9.51038
0.161943	9.54483
0.171403	9.57301
0.177786	9.59367
0.181185	9.60552
0.196721	9.66091
0.213435	9.72995
0.227359	9.80026
0.239274	9.86761
0.242872	9.89436
0.254487	9.99249
0.26673	10.1184
0.278826	10.289
0.288896	10.4785
0.297249	10.6355
0.304167	10.6677
0.309883	10.4536
0.314604	0
)
