(title "Y Velocity vs. Curve Length")
(labels "Curve Length" "Y Velocity")

((xy/key/label "line1")
0	9.34472
0.00315129	9.34454
0.0167468	9.34659
0.0195906	9.34725
0.0322529	9.35168
0.0358978	9.35327
0.0502219	9.36155
0.0669451	9.37547
0.0829022	9.39234
0.0987442	9.4136
0.11479	9.43867
0.125927	9.459
0.138628	9.48512
0.15435	9.5226
0.159294	9.5361
0.16483	9.55135
0.180474	9.60067
0.194165	9.64812
0.203299	9.6813
0.217299	9.74219
0.226103	9.7852
0.237419	9.84526
0.241422	9.87122
0.25339	9.95896
0.26604	10.0701
0.278443	10.2138
0.288683	10.3611
0.297171	10.445
0.304143	10.3527
0.309913	9.9162
0.314687	0
)
