(title "Y Velocity vs. Curve Length")
(labels "Curve Length" "Y Velocity")

((xy/key/label "line4")
0	9.34473
0.0081349	9.34494
0.0109162	9.34529
0.0229908	9.34812
0.0232035	9.34819
0.0324796	9.3519
0.0473694	9.36039
0.0632926	9.37319
0.0755893	9.38592
0.0872279	9.39988
0.102678	9.42322
0.117678	9.45033
0.132519	9.48275
0.148059	9.52349
0.160798	9.56433
0.170849	9.60249
0.171449	9.60487
0.18689	9.67243
0.202618	9.74927
0.215051	9.82525
0.227436	9.91634
0.239211	10.0147
0.243688	10.063
0.255348	10.2181
0.26757	10.4211
0.27959	10.6989
0.289537	11.0365
0.297749	11.4441
0.30452	11.8816
0.310108	12.1584
0.314703	0
)
