(title "Y Velocity vs. Curve Length")
(labels "Curve Length" "Y Velocity")

((xy/key/label "line5")
0	9.34473
0.0105992	9.34532
0.0237303	9.34846
0.033828	9.35255
0.0481215	9.36061
0.0585966	9.3685
0.0751574	9.38417
0.0890925	9.40067
0.0992288	9.41485
0.115274	9.44048
0.127647	9.46351
0.139676	9.48866
0.156128	9.52854
0.166696	9.55843
0.180879	9.60417
0.195642	9.65527
0.204408	9.68819
0.20603	9.6944
0.222831	9.77033
0.233546	9.82508
0.241177	9.87264
0.253349	9.96255
0.266111	10.075
0.278436	10.2176
0.288679	10.3648
0.29719	10.4472
0.304156	10.3509
0.309918	9.90595
0.314685	0
)
