(title "Z Velocity vs. Curve Length")
(labels "Curve Length" "Z Velocity")

((xy/key/label "line4")
0	0.00118006
0.0081349	-0.0203305
0.0109162	-0.0276885
0.0229908	-0.0595987
0.0232035	-0.0601642
0.0324796	-0.0848135
0.0473694	-0.124869
0.0632926	-0.168034
0.0755893	-0.201788
0.0872279	-0.234301
0.102678	-0.278347
0.117678	-0.322195
0.132519	-0.367179
0.148059	-0.416281
0.160798	-0.457958
0.170849	-0.492539
0.171449	-0.494588
0.18689	-0.550077
0.202618	-0.611071
0.215051	-0.662978
0.227436	-0.720831
0.239211	-0.781692
0.243688	-0.804248
0.255348	-0.871665
0.26757	-0.956652
0.27959	-1.05529
0.289537	-1.1778
0.297749	-1.30606
0.30452	-1.43939
0.310108	-1.67428
0.314703	0
)
