(title "Z Velocity vs. Curve Length")
(labels "Curve Length" "Z Velocity")

((xy/key/label "line5")
0	0.00118022
0.0105992	-0.0317193
0.0237303	-0.0724682
0.033828	-0.103636
0.0481215	-0.147558
0.0585966	-0.179618
0.0751574	-0.229796
0.0890925	-0.271452
0.0992288	-0.301635
0.115274	-0.348273
0.127647	-0.383463
0.139676	-0.417147
0.156128	-0.461748
0.166696	-0.489558
0.180879	-0.525628
0.195642	-0.560425
0.204408	-0.5806
0.20603	-0.584268
0.222831	-0.62209
0.233546	-0.643518
0.241177	-0.658142
0.253349	-0.680386
0.266111	-0.702186
0.278436	-0.721499
0.288679	-0.735514
0.29719	-0.73758
0.304156	-0.703465
0.309918	-0.698743
0.314685	0
)
