(title "Z Velocity vs. Curve Length")
(labels "Curve Length" "Z Velocity")

((xy/key/label "line2")
0	0.00118006
0.00340373	-0.0010257
0.0194459	-0.0113469
0.0334684	-0.0205804
0.0480928	-0.0308891
0.0652419	-0.0437517
0.0819689	-0.0571221
0.0982177	-0.0714215
0.107729	-0.0808946
0.12368	-0.0977414
0.13729	-0.113762
0.149014	-0.129068
0.161943	-0.147991
0.171403	-0.163873
0.177786	-0.174999
0.181185	-0.18141
0.196721	-0.211397
0.213435	-0.250506
0.227359	-0.288099
0.239274	-0.32518
0.242872	-0.337454
0.254487	-0.381543
0.26673	-0.43624
0.278826	-0.500261
0.288896	-0.571777
0.297249	-0.682843
0.304167	-0.846476
0.309883	-0.949366
0.314604	0
)
