(title "Z Velocity vs. Curve Length")
(labels "Curve Length" "Z Velocity")

((xy/key/label "line3")
0	0
0.00458521	-1.63335
0.0101566	-1.39166
0.0169175	-1.20591
0.0251131	-1.08346
0.0350374	-0.974185
0.0470392	-0.874837
0.0593305	-0.786317
0.0711542	-0.716044
0.0771335	-0.685197
0.091644	-0.610712
0.102571	-0.558469
0.116694	-0.496341
0.13216	-0.436208
0.143166	-0.396786
0.14331	-0.396273
0.161435	-0.336282
0.176234	-0.292265
0.180542	-0.280322
0.191176	-0.251418
0.201168	-0.226131
0.203663	-0.219966
0.219509	-0.183267
0.235983	-0.147334
0.250878	-0.11695
0.25693	-0.105034
0.263341	-0.0925232
0.278252	-0.0642943
0.295751	-0.0325259
0.310236	-0.00672048
0.31467	0.00118006
)
