(title "Z Velocity vs. Curve Length")
(labels "Curve Length" "Z Velocity")

((xy/key/label "line1")
0	0.00118122
0.00315129	0.00302141
0.0167468	0.0110674
0.0195906	0.0127749
0.0322529	0.0203924
0.0358978	0.0226676
0.0502219	0.031772
0.0669451	0.0429845
0.0829022	0.0543433
0.0987442	0.0666684
0.11479	0.0808771
0.125927	0.0913803
0.138628	0.104616
0.15435	0.122625
0.159294	0.129263
0.16483	0.136587
0.180474	0.159817
0.194165	0.182403
0.203299	0.199395
0.217299	0.227662
0.226103	0.246273
0.237419	0.274613
0.241422	0.286503
0.25339	0.328945
0.26604	0.382901
0.278443	0.451822
0.288683	0.53522
0.297171	0.66961
0.304143	0.856468
0.309913	0.988557
0.314687	0
)
