(title "X Velocity vs. Curve Length")
(labels "Curve Length" "X Velocity")

((xy/key/label "line3")
0	0
0.00478242	0
0.0162605	0
0.0293387	0
0.0411055	0
0.0431226	0
0.0519096	0
0.0588027	0
0.0627386	0
0.0693845	0
0.0787873	0
0.0796022	0
0.0922077	0
0.102985	0
0.113593	0
0.122175	0
0.133816	0
0.145056	0
0.151148	0
0.163861	11.5291
0.171747	11.5184
0.18549	7.95076
0.192758	6.05868
0.206288	3.52602
0.216249	2.53712
0.228499	2.05589
0.24127	2.10194
0.247142	2.23537
0.256878	2.37839
0.267044	2.41136
0.277603	2.36751
0.287946	2.2733
0.296586	2.16772
0.303788	2.06184
0.30979	1.83338
0.314785	0
)
