(title "X Velocity vs. Curve Length")
(labels "Curve Length" "X Velocity")

((xy/key/label "line5")
0	-0.00186597
0.00555508	-0.00164764
0.0165431	-0.000861343
0.0183322	-0.000758029
0.0254972	5.92055e-05
0.0360751	0.00332976
0.050279	0.0126512
0.0618454	0.0146863
0.0681617	0.0252654
0.0708587	0.028008
0.0820272	0.0398817
0.0929905	0.0438333
0.102557	0.0512479
0.111196	0.0729928
0.120852	0.0603129
0.132796	0.0874569
0.136375	0.0929229
0.14043	0.104788
0.153044	0.0291286
0.161917	-0.853139
0.174891	-0.954972
0.182735	-0.797968
0.195539	-0.66123
0.204427	-0.513397
0.212551	-0.313993
0.221202	-0.0965834
0.22655	0.0676785
0.238891	0.378363
0.247103	0.3961
0.251785	0.308625
0.260672	0.115792
0.26996	0.131587
0.279696	0.307899
0.289479	0.499043
0.297637	0.5315
0.304419	0.443225
0.310055	0.370756
0.314744	0
)
