(title "X Velocity vs. Curve Length")
(labels "Curve Length" "X Velocity")

((xy/key/label "line2")
0	0
0.00453292	0
0.0162533	0
0.0251054	0
0.0372329	0
0.0495799	0
0.0598319	0
0.0684439	0
0.0805288	0
0.0919894	0
0.0928073	0
0.101148	0
0.111521	0
0.122173	0
0.130441	0
0.14275	0
0.151786	0
0.162924	7.52435
0.172317	4.68729
0.183705	1.4429
0.193614	-0.191462
0.205371	-1.21057
0.21486	-1.37085
0.226897	-0.970852
0.234984	-0.577996
0.246357	-0.031616
0.250148	0.0729459
0.259344	0.23129
0.268949	0.370141
0.278976	0.736293
0.288948	1.58026
0.297258	2.74782
0.304183	4.04001
0.309954	5.37143
0.314763	0
)
