(title "X Velocity vs. Curve Length")
(labels "Curve Length" "X Velocity")

((xy/key/label "line4")
0	-0.00187641
0.00602324	-0.000986144
0.0106873	-0.000957051
0.0119047	-0.000942771
0.025541	0.00230383
0.0347117	0.00508281
0.0459688	0.0113582
0.0586511	0.0167791
0.0659926	0.0187996
0.0799758	0.0338456
0.0901163	0.0402127
0.100222	0.0395942
0.112451	0.0562926
0.120217	0.0637412
0.132432	0.0737461
0.141715	0.047887
0.152146	0.0372786
0.162886	1.12437
0.174688	2.52302
0.185909	3.82494
0.189737	4.15153
0.196117	4.68748
0.209058	5.30155
0.218842	5.55569
0.224439	5.66908
0.229592	5.73601
0.236082	5.88149
0.245025	6.04455
0.249186	6.10757
0.258444	6.27536
0.268058	6.37635
0.278053	6.27975
0.288319	5.85793
0.296856	5.16134
0.303944	4.34767
0.309844	3.40987
0.314752	0
)
