(title "X Velocity vs. Curve Length")
(labels "Curve Length" "X Velocity")

((xy/key/label "line1")
0	0
0.00482297	14.2954
0.0106213	11.2557
0.0175853	8.00241
0.0259772	4.77198
0.0360767	2.2678
0.0463187	0.682499
0.0560711	-0.646183
0.0653974	-2.10283
0.0700037	-2.82236
0.0805586	-3.54624
0.0868247	-3.43179
0.0997155	-2.53101
0.107612	-1.78785
0.118747	-0.855584
0.131498	0.0464732
0.140587	0.777795
0.153195	1.7151
0.161813	0
0.174811	0
0.177358	0
0.183093	0
0.1953	0
0.205565	0
0.215643	0
0.227423	0
0.23587	0
0.249215	0
0.256602	0
0.270436	0
0.276049	0
0.277018	0
0.28941	0
0.297361	0
0.30329	0
0.309699	0
0.314736	0
)
