(title "Y Velocity vs. Curve Length")
(labels "Curve Length" "Y Velocity")

((xy/key/label "line4")
0	0.0014007
0.00602324	0.00150819
0.0106873	0.00331832
0.0119047	0.00381369
0.025541	0.00334176
0.0347117	0.000948952
0.0459688	0.00148851
0.0586511	-0.000784829
0.0659926	-0.00281554
0.0799758	-0.0054847
0.0901163	-0.00481908
0.100222	-0.0039288
0.112451	-0.00379424
0.120217	-0.00456826
0.132432	-0.00788716
0.141715	-0.00671168
0.152146	0.116396
0.162886	11.7806
0.174688	14.6888
0.185909	15.9965
0.189737	16.2178
0.196117	16.624
0.209058	16.8032
0.218842	16.7496
0.224439	16.6606
0.229592	16.565
0.236082	16.4162
0.245025	16.1841
0.249186	16.0575
0.258444	15.73
0.268058	15.3159
0.278053	14.7379
0.288319	13.8988
0.296856	12.8932
0.303944	11.7388
0.309844	10.2774
0.314752	0
)
