(title "Y Velocity vs. Curve Length")
(labels "Curve Length" "Y Velocity")

((xy/key/label "line1")
0	0
0.00482297	0.255344
0.0106213	0.665749
0.0175853	1.1354
0.0259772	1.91919
0.0360767	3.22228
0.0463187	4.94576
0.0560711	7.02478
0.0653974	9.6269
0.0700037	11.2595
0.0805586	15.3091
0.0868247	16.9977
0.0997155	18.7489
0.107612	19.0055
0.118747	19.017
0.131498	19.0282
0.140587	19.1557
0.153195	18.2422
0.161813	0
0.174811	0
0.177358	0
0.183093	0
0.1953	0
0.205565	0
0.215643	0
0.227423	0
0.23587	0
0.249215	0
0.256602	0
0.270436	0
0.276049	0
0.277018	0
0.28941	0
0.297361	0
0.30329	0
0.309699	0
0.314736	0
)
