(title "Y Velocity vs. Curve Length")
(labels "Curve Length" "Y Velocity")

((xy/key/label "line2")
0	0
0.00453292	0
0.0162533	0
0.0251054	0
0.0372329	0
0.0495799	0
0.0598319	0
0.0684439	0
0.0805288	0
0.0919894	0
0.0928073	0
0.101148	0
0.111521	0
0.122173	0
0.130441	0
0.14275	0
0.151786	0
0.162924	14.9942
0.172317	15.9791
0.183705	16.9704
0.193614	17.7214
0.205371	18.3112
0.21486	18.4578
0.226897	18.3573
0.234984	18.1112
0.246357	17.4326
0.250148	16.7562
0.259344	14.3745
0.268949	11.3876
0.278976	8.62494
0.288948	6.6126
0.297258	5.30086
0.304183	4.26019
0.309954	3.16338
0.314763	0
)
