(title "Y Velocity vs. Curve Length")
(labels "Curve Length" "Y Velocity")

((xy/key/label "line3")
0	0
0.00478242	0
0.0162605	0
0.0293387	0
0.0411055	0
0.0431226	0
0.0519096	0
0.0588027	0
0.0627386	0
0.0693845	0
0.0787873	0
0.0796022	0
0.0922077	0
0.102985	0
0.113593	0
0.122175	0
0.133816	0
0.145056	0
0.151148	0
0.163861	5.38669
0.171747	7.26828
0.18549	10.2987
0.192758	11.9703
0.206288	14.7004
0.216249	16.0386
0.228499	16.8769
0.24127	17.1887
0.247142	17.1628
0.256878	16.875
0.267044	16.5236
0.277603	16.2643
0.287946	16.0957
0.296586	15.7421
0.303788	14.7857
0.30979	12.8128
0.314785	0
)
