(title "Y Velocity vs. Curve Length")
(labels "Curve Length" "Y Velocity")

((xy/key/label "line5")
0	0.00166058
0.00555508	0.00148967
0.0165431	0.0011254
0.0183322	0.00107993
0.0254972	0.00108708
0.0360751	-0.000749825
0.050279	0.00061884
0.0618454	-0.00183143
0.0681617	-0.0011424
0.0708587	-0.00122784
0.0820272	-0.00177116
0.0929905	-0.00485101
0.102557	-0.00570815
0.111196	-0.00559256
0.120852	-0.00498392
0.132796	-0.00473486
0.136375	-0.00828769
0.14043	-0.0138308
0.153044	0.190542
0.161917	17.973
0.174891	19.0386
0.182735	18.9406
0.195539	18.9548
0.204427	19.0065
0.212551	18.9655
0.221202	18.5361
0.22655	17.6137
0.238891	14.2208
0.247103	11.1784
0.251785	9.60398
0.260672	7.19066
0.26996	5.22303
0.279696	3.52151
0.289479	2.12184
0.297637	1.20225
0.304419	0.610841
0.310055	0.0903925
0.314744	0
)
