(title "Z Velocity vs. Curve Length")
(labels "Curve Length" "Z Velocity")

((xy/key/label "line4")
0	0.00130896
0.00602324	0.00220771
0.0106873	0.00507091
0.0119047	0.00582629
0.025541	0.00955825
0.0347117	0.00729766
0.0459688	0.0114535
0.0586511	0.00807705
0.0659926	0.00645875
0.0799758	0.00367583
0.0901163	0.00184027
0.100222	-6.80711e-05
0.112451	-0.00147606
0.120217	-0.000535105
0.132432	0.00504912
0.141715	0.0168814
0.152146	0.0860205
0.162886	5.03937
0.174688	4.32222
0.185909	3.20027
0.189737	2.83492
0.196117	2.17551
0.209058	1.21725
0.218842	0.777008
0.224439	0.631529
0.229592	0.55163
0.236082	0.507397
0.245025	0.546406
0.249186	0.620671
0.258444	0.881182
0.268058	1.26457
0.278053	1.8598
0.288319	2.75409
0.296856	3.79693
0.303944	4.8367
0.309844	5.4285
0.314752	0
)
