(title "Z Velocity vs. Curve Length")
(labels "Curve Length" "Z Velocity")

((xy/key/label "line2")
0	0
0.00453292	0
0.0162533	0
0.0251054	0
0.0372329	0
0.0495799	0
0.0598319	0
0.0684439	0
0.0805288	0
0.0919894	0
0.0928073	0
0.101148	0
0.111521	0
0.122173	0
0.130441	0
0.14275	0
0.151786	0
0.162924	5.0712
0.172317	5.92668
0.183705	5.87191
0.193614	5.62269
0.205371	5.11781
0.21486	4.77428
0.226897	4.51567
0.234984	4.50512
0.246357	4.55312
0.250148	4.48414
0.259344	4.15271
0.268949	3.69643
0.278976	3.32018
0.288948	3.13269
0.297258	3.03688
0.304183	3.01031
0.309954	2.94537
0.314763	0
)
