(title "Z Velocity vs. Curve Length")
(labels "Curve Length" "Z Velocity")

((xy/key/label "line5")
0	0.00148456
0.00555508	0.00253408
0.0165431	0.00493207
0.0183322	0.00570093
0.0254972	0.00910925
0.0360751	0.0103072
0.050279	0.0213725
0.0618454	0.0164939
0.0681617	0.0257268
0.0708587	0.027712
0.0820272	0.0330356
0.0929905	0.0320618
0.102557	0.0332923
0.111196	0.0431915
0.120852	0.0342347
0.132796	0.0452089
0.136375	0.0454759
0.14043	0.0473025
0.153044	0.0398256
0.161917	1.8015
0.174891	0.856638
0.182735	0.229118
0.195539	-0.667222
0.204427	-1.36466
0.212551	-2.1107
0.221202	-2.97884
0.22655	-3.31785
0.238891	-3.41666
0.247103	-2.72672
0.251785	-1.95183
0.260672	-0.433685
0.26996	0.991899
0.279696	2.66292
0.289479	5.20482
0.297637	8.37039
0.304419	11.4975
0.310055	14.3578
0.314744	0
)
