(title "Z Velocity vs. Curve Length")
(labels "Curve Length" "Z Velocity")

((xy/key/label "line3")
0	0
0.00478242	0
0.0162605	0
0.0293387	0
0.0411055	0
0.0431226	0
0.0519096	0
0.0588027	0
0.0627386	0
0.0693845	0
0.0787873	0
0.0796022	0
0.0922077	0
0.102985	0
0.113593	0
0.122175	0
0.133816	0
0.145056	0
0.151148	0
0.163861	7.03402
0.171747	5.87504
0.18549	1.73835
0.192758	-0.252061
0.206288	-2.55529
0.216249	-2.96947
0.228499	-2.4963
0.24127	-1.59774
0.247142	-1.11102
0.256878	-0.452318
0.267044	0.0385166
0.277603	0.386362
0.287946	0.631068
0.296586	0.812778
0.303788	0.974827
0.30979	1.00249
0.314785	0
)
