(title "Z Velocity vs. Curve Length")
(labels "Curve Length" "Z Velocity")

((xy/key/label "line1")
0	0
0.00482297	-0.349232
0.0106213	-0.403178
0.0175853	-0.480197
0.0259772	-0.439219
0.0360767	-0.235062
0.0463187	-0.0242103
0.0560711	0.0205431
0.0653974	-0.145335
0.0700037	-0.221674
0.0805586	-0.121682
0.0868247	0.0259729
0.0997155	0.365936
0.107612	0.553411
0.118747	0.734743
0.131498	0.887713
0.140587	1.05628
0.153195	0.989236
0.161813	0
0.174811	0
0.177358	0
0.183093	0
0.1953	0
0.205565	0
0.215643	0
0.227423	0
0.23587	0
0.249215	0
0.256602	0
0.270436	0
0.276049	0
0.277018	0
0.28941	0
0.297361	0
0.30329	0
0.309699	0
0.314736	0
)
