(title "X Velocity vs. Curve Length")
(labels "Curve Length" "X Velocity")

((xy/key/label "line5")
0	0
0.00497434	-0.323308
0.010945	-0.412272
0.0181302	-0.392215
0.0267526	-0.415576
0.0371016	-0.38817
0.0495215	-0.332115
0.0644257	-0.261637
0.082311	-0.190957
0.0913057	-0.162322
0.115808	-0.10505
0.14532	-0.0550283
0.173185	-0.028659
0.186945	-0.0184385
0.209917	-0.0050571
0.218499	-0.00159451
0.250442	0.00555103
0.275001	0.00496653
0.312318	-0.00033817
0.313508	-0.00049004
)
