(title "Z Velocity vs. Curve Length")
(labels "Curve Length" "Z Velocity")

((xy/key/label "line5")
0	0
0.00497434	-0.12367
0.010945	0.0259891
0.0181302	-0.0466128
0.0267526	-0.0422353
0.0371016	-0.0716099
0.0495215	-0.0730272
0.0644257	-0.0839914
0.082311	-0.0904462
0.0913057	-0.091934
0.115808	-0.0968268
0.14532	-0.0986284
0.173185	-0.0909846
0.186945	-0.0877704
0.209917	-0.0760304
0.218499	-0.0717939
0.250442	-0.0504692
0.275001	-0.0304983
0.312318	-0.00040079
0.313508	0.000583551
)
