(title "X Velocity vs. Curve Length")
(labels "Curve Length" "X Velocity")

((xy/key/label "line1")
0	-0.0020967
0.00558678	-0.00633108
0.0233931	-0.0200642
0.0437132	-0.0358534
0.0604876	-0.0484485
0.0879293	-0.0668762
0.104454	-0.0764149
0.134562	-0.0864261
0.151065	-0.0897686
0.174602	-0.091848
0.202095	-0.0892201
0.215691	-0.0882627
0.218406	-0.0879172
0.231817	-0.084291
0.249719	-0.0775724
0.264637	-0.0699121
0.277068	-0.0661375
0.287427	-0.0502403
0.29606	-0.0385271
0.303252	-0.0111384
0.309246	-0.0395516
0.314231	0
)
