(title "X Velocity vs. Curve Length")
(labels "Curve Length" "X Velocity")

((xy/key/label "line5")
0	0
0.0049928	-0.362612
0.0109843	-0.388307
0.0181748	-0.385853
0.0268063	-0.411838
0.0371637	-0.393237
0.0495937	-0.338576
0.0645094	-0.270529
0.082408	-0.201699
0.0912129	-0.173129
0.113615	-0.118343
0.135156	-0.0759615
0.157368	-0.0473207
0.177569	-0.0300484
0.202342	-0.0126132
0.222715	-0.00284677
0.241033	0.00183399
0.263925	0.00393484
0.292614	0.00195482
0.314269	-0.0021519
)
