(title "X Velocity vs. Curve Length")
(labels "Curve Length" "X Velocity")

((xy/key/label "line2")
0	0
0.00499514	0.387465
0.0109915	0.492575
0.0181908	0.486421
0.0268314	0.417522
0.0371847	0.340974
0.0496277	0.271731
0.0645603	0.199756
0.08245	0.130278
0.0947392	0.094304
0.10718	0.0614011
0.133493	0.00898923
0.161128	-0.0266488
0.183223	-0.0436351
0.20916	-0.051124
0.229804	-0.0483742
0.252282	-0.0387387
0.273576	-0.0268651
0.299177	-0.011446
0.304923	-0.00781578
0.314097	-0.00211928
)
