(title "X Velocity vs. Curve Length")
(labels "Curve Length" "X Velocity")

((xy/key/label "line4")
0	-0.00216132
0.019809	-0.00445095
0.0248671	-0.00507605
0.0420673	-0.0079515
0.0526807	-0.0102266
0.0758033	-0.017825
0.101751	-0.0281199
0.126725	-0.0361427
0.151539	-0.0437894
0.177357	-0.053116
0.179055	-0.0532805
0.202598	-0.0579294
0.204511	-0.058013
0.220814	-0.0615369
0.231812	-0.0584701
0.249703	-0.0483895
0.264614	-0.0273041
0.27704	-0.0166782
0.287395	-0.0752819
0.296017	-0.262541
0.303205	-0.459957
0.309173	-0.397162
0.314143	0
)
