(title "Y Velocity vs. Curve Length")
(labels "Curve Length" "Y Velocity")

((xy/key/label "line4")
0	10.0685
0.019809	10.0693
0.0248671	10.0699
0.0420673	10.073
0.0526807	10.0764
0.0758033	10.0879
0.101751	10.1086
0.126725	10.1341
0.151539	10.1644
0.177357	10.2038
0.179055	10.2069
0.202598	10.2526
0.204511	10.2568
0.220814	10.2934
0.231812	10.3235
0.249703	10.3888
0.264614	10.4582
0.27704	10.506
0.287395	10.4689
0.296017	10.3046
0.303205	9.93841
0.309173	8.85448
0.314143	0
)
