(title "Z Velocity vs. Curve Length")
(labels "Curve Length" "Z Velocity")

((xy/key/label "line2")
0	0
0.00499514	0.317848
0.0109915	0.228775
0.0181908	0.210541
0.0268314	0.209592
0.0371847	0.178663
0.0496277	0.134831
0.0645603	0.0913007
0.08245	0.0509031
0.0947392	0.0296303
0.10718	0.0101381
0.133493	-0.0195265
0.161128	-0.0330844
0.183223	-0.0362611
0.20916	-0.0344841
0.229804	-0.0293471
0.252282	-0.0246783
0.273576	-0.0185128
0.299177	-0.00813054
0.304923	-0.00534428
0.314097	-0.000915466
)
