(title "Z Velocity vs. Curve Length")
(labels "Curve Length" "Z Velocity")

((xy/key/label "line1")
0	-0.000900145
0.00558678	-0.00204432
0.0233931	-0.00571979
0.0437132	-0.0075116
0.0604876	-0.00703377
0.0879293	-0.00262484
0.104454	0.00430393
0.134562	0.0235858
0.151065	0.0363459
0.174602	0.0636194
0.202095	0.113705
0.215691	0.146719
0.218406	0.153422
0.231817	0.193995
0.249719	0.262539
0.264637	0.330827
0.277068	0.38688
0.287427	0.407995
0.29606	0.383135
0.303252	0.388406
0.309246	0.368589
0.314231	0
)
