(title "Z Velocity vs. Curve Length")
(labels "Curve Length" "Z Velocity")

((xy/key/label "line4")
0	-0.000879491
0.019809	-0.0164122
0.0248671	-0.0204545
0.0420673	-0.034385
0.0526807	-0.0431313
0.0758033	-0.0618754
0.101751	-0.0831646
0.126725	-0.108839
0.151539	-0.139408
0.177357	-0.173839
0.179055	-0.176307
0.202598	-0.212522
0.204511	-0.216017
0.220814	-0.246714
0.231812	-0.264247
0.249703	-0.302359
0.264614	-0.335774
0.27704	-0.363468
0.287395	-0.356486
0.296017	-0.30632
0.303205	-0.211488
0.309173	-0.175802
0.314143	0
)
