(title "Z Velocity vs. Curve Length")
(labels "Curve Length" "Z Velocity")

((xy/key/label "line5")
0	0
0.0049928	-0.0382635
0.0109843	-0.00861841
0.0181748	-0.0350609
0.0268063	-0.0463887
0.0371637	-0.0628478
0.0495937	-0.0675968
0.0645094	-0.0759464
0.082408	-0.0823626
0.0912129	-0.0846176
0.113615	-0.088933
0.135156	-0.0908594
0.157368	-0.0890826
0.177569	-0.0856692
0.202342	-0.0780329
0.222715	-0.0683369
0.241033	-0.0562201
0.263925	-0.0390546
0.292614	-0.0173421
0.314269	-0.000861819
)
