(title "Z Velocity vs. Curve Length")
(labels "Curve Length" "Z Velocity")

((xy/key/label "line3")
0	-0.000899306
0.0142361	-0.0106815
0.0400793	-0.0280277
0.0622333	-0.0417832
0.0827602	-0.0551405
0.109231	-0.0750886
0.130319	-0.0946921
0.152527	-0.113472
0.176111	-0.132135
0.198072	-0.144606
0.222851	-0.149492
0.231971	-0.144388
0.249877	-0.127588
0.264797	-0.0986174
0.277221	-0.0697648
0.287584	-0.0219782
0.296219	0.0234948
0.303412	0.114626
0.309409	0.160989
0.314404	0
)
