(title "X Velocity vs. Curve Length")
(labels "Curve Length" "X Velocity")

((xy/key/label "line1")
0	0
0.0019993	-0.161915
0.00439852	-0.091879
0.00727759	-0.0232064
0.0107325	-0.00286924
0.0148783	-0.0263485
0.0198534	-0.0454492
0.0258234	-0.0635194
0.0329874	-0.0810226
0.0395078	-0.0965953
0.0609777	-0.149033
0.0712728	-0.178874
0.0891467	-0.24509
0.108442	-0.367627
0.132392	-0.668762
0.145443	-0.687167
0.167997	0
0.183884	0
0.200176	0
0.224234	0
0.251564	0
0.288002	0
0.304235	0
0.314633	0
)
