(title "X Velocity vs. Curve Length")
(labels "Curve Length" "X Velocity")

((xy/key/label "line4")
0	0
0.0134058	0
0.0446479	0
0.0843089	0
0.108396	0
0.127907	0
0.149161	0
0.165543	-0.0790558
0.184365	-0.103118
0.200728	-0.107427
0.218625	-0.0755867
0.235483	-0.069063
0.254602	-0.0790975
0.272872	-0.0939483
0.281604	-0.103583
0.288765	-0.112654
0.294732	-0.10521
0.299705	-0.0428505
0.303848	0.0615441
0.307302	0.111524
0.310179	0.0880863
0.312577	0.0843292
0.314576	0
)
