(title "X Velocity vs. Curve Length")
(labels "Curve Length" "X Velocity")

((xy/key/label "line5")
0	0
0.00199882	-0.157623
0.00439734	-0.0950311
0.00727557	0.00544522
0.0107294	0.0555118
0.0148741	0.0592466
0.0198477	0.0646283
0.025816	0.0781159
0.0329779	0.0964157
0.0414439	0.122464
0.0605338	0.185447
0.0784445	0.24313
0.0950655	0.284201
0.116713	0.246211
0.129635	0.180235
0.150224	-0.143313
0.165456	0
0.187359	0
0.207607	0
0.236008	0
0.255846	0
0.29055	0
0.314557	0
)
