(title "X Velocity vs. Curve Length")
(labels "Curve Length" "X Velocity")

((xy/key/label "line3")
0	0
0.00199845	-0.156144
0.00439659	-0.310458
0.00727436	-0.409451
0.0107277	-0.328941
0.0148717	-0.160715
0.0198444	-0.0488962
0.0258118	-0.0102765
0.0329725	0.000624824
0.0430283	-0.000407432
0.0597237	-0.00347862
0.0782191	-0.00642729
0.0973358	-0.00707809
0.113675	-0.0619411
0.132136	-0.361851
0.148567	-0.734509
0.167413	0
0.191887	0
0.209534	0
0.243682	0
0.268146	0
0.304151	0
0.314467	0
)
