(title "Z Velocity vs. Curve Length")
(labels "Curve Length" "Z Velocity")

((xy/key/label "line1")
0	0
0.0019993	0.153214
0.00439852	0.0874154
0.00727759	-0.0118028
0.0107325	-0.0603349
0.0148783	-0.063362
0.0198534	-0.0677132
0.0258234	-0.0800775
0.0329874	-0.0969093
0.0395078	-0.115616
0.0609777	-0.188431
0.0712728	-0.22509
0.0891467	-0.278923
0.108442	-0.283782
0.132392	-0.188675
0.145443	-0.0238529
0.167997	0
0.183884	0
0.200176	0
0.224234	0
0.251564	0
0.288002	0
0.304235	0
0.314633	0
)
