(title "Z Velocity vs. Curve Length")
(labels "Curve Length" "Z Velocity")

((xy/key/label "line4")
0	0
0.0134058	0
0.0446479	0
0.0843089	0
0.108396	0
0.127907	0
0.149161	0
0.165543	-0.346497
0.184365	-0.367811
0.200728	-0.280126
0.218625	-0.281024
0.235483	-0.268278
0.254602	-0.247112
0.272872	-0.217371
0.281604	-0.199324
0.288765	-0.182985
0.294732	-0.161428
0.299705	-0.122275
0.303848	-0.0603262
0.307302	-0.0208178
0.310179	-0.000741723
0.312577	-0.0208828
0.314576	0
)
