(title "Z Velocity vs. Curve Length")
(labels "Curve Length" "Z Velocity")

((xy/key/label "line5")
0	0
0.00199882	-0.149588
0.00439734	-0.0772329
0.00727557	-0.00834938
0.0107294	0.0115146
0.0148741	-0.0129114
0.0198477	-0.0326172
0.025816	-0.0505321
0.0329779	-0.0668052
0.0414439	-0.0854949
0.0605338	-0.128721
0.0784445	-0.181092
0.0950655	-0.260824
0.116713	-0.424148
0.129635	-0.584544
0.150224	-0.634493
0.165456	0
0.187359	0
0.207607	0
0.236008	0
0.255846	0
0.29055	0
0.314557	0
)
