(title "Z Velocity vs. Curve Length")
(labels "Curve Length" "Z Velocity")

((xy/key/label "line3")
0	0
0.00199845	-0.0426591
0.00439659	-0.0797691
0.00727436	-0.151069
0.0107277	-0.217599
0.0148717	-0.271745
0.0198444	-0.297011
0.0258118	-0.302871
0.0329725	-0.296824
0.0430283	-0.288918
0.0597237	-0.26266
0.0782191	-0.214862
0.0973358	-0.128611
0.113675	-0.026585
0.132136	-0.0803161
0.148567	-0.184607
0.167413	0
0.191887	0
0.209534	0
0.243682	0
0.268146	0
0.304151	0
0.314467	0
)
