(title "X Velocity vs. Curve Length")
(labels "Curve Length" "X Velocity")

((xy/key/label "line1")
0	0.000234749
0.019867	-0.0141007
0.0389827	-0.0273805
0.0516985	-0.0358409
0.0568537	-0.0392737
0.0785343	-0.0527118
0.0974962	-0.0632127
0.110022	-0.069363
0.131218	-0.0766005
0.147674	-0.0791403
0.165653	-0.0784796
0.18692	-0.0748319
0.201156	-0.0708265
0.202319	-0.0704662
0.225115	-0.0618565
0.233737	-0.0569918
0.249761	-0.0483031
0.264682	-0.0341454
0.277118	-0.0246044
0.28748	-0.012006
0.296116	-0.00471318
0.303313	-0.00544748
0.30931	-0.0626474
0.314272	0
)
