(title "X Velocity vs. Curve Length")
(labels "Curve Length" "X Velocity")

((xy/key/label "line5")
0	0.000232775
0.00696299	0.00532395
0.0177361	0.0131855
0.0398169	0.0288117
0.0424117	0.0305866
0.0563886	0.0399508
0.0735653	0.0506896
0.0951291	0.0626688
0.108497	0.0690601
0.131986	0.0790482
0.147342	0.0843862
0.167984	0.0887927
0.185657	0.0895372
0.206258	0.0866705
0.223499	0.0804643
0.233721	0.0746332
0.249779	0.0642403
0.264696	0.0523834
0.277128	0.0435739
0.287487	0.034456
0.29612	0.0282174
0.303314	0.00481904
0.309309	-0.0470503
0.314305	0
)
