(title "X Velocity vs. Curve Length")
(labels "Curve Length" "X Velocity")

((xy/key/label "line3")
0	0.000232054
0.021058	0.0002838
0.0394652	-0.000118477
0.0510742	-0.000363017
0.0532508	-0.000383126
0.0746717	-0.00118395
0.0935637	-0.00149952
0.114865	-0.00212788
0.131388	-0.00328329
0.146641	-0.00593816
0.167918	-0.00844491
0.183144	-0.00925425
0.202828	-0.00967552
0.22426	-0.00997103
0.233629	-0.0106417
0.249754	-0.0112347
0.264673	-0.0127594
0.277105	-0.0138802
0.287465	-0.0205896
0.296098	-0.0478726
0.303293	-0.0799551
0.309288	-0.0450863
0.314283	0
)
