(title "X Velocity vs. Curve Length")
(labels "Curve Length" "X Velocity")

((xy/key/label "line4")
0	0.000232155
0.0174947	0.0071732
0.0373617	0.0144292
0.0531617	0.0197995
0.0562257	0.0208227
0.0798645	0.0277271
0.098956	0.0318955
0.11414	0.0335502
0.132484	0.0332353
0.145563	0.0328457
0.168279	0.0328122
0.187107	0.0296888
0.202376	0.0227577
0.214897	0.0152788
0.229376	0.00463461
0.23391	0.000721007
0.249872	-0.0134712
0.26479	-0.0288799
0.277221	-0.0438443
0.287581	-0.0482937
0.296214	0.000946305
0.303409	0.0902373
0.309404	0.136259
0.3144	0
)
