(title "X Velocity vs. Curve Length")
(labels "Curve Length" "X Velocity")

((xy/key/label "line2")
0	0
0.00495099	-0.271243
0.0109068	-0.144649
0.0181022	-0.0130835
0.0267367	0.0477818
0.037098	0.0398181
0.0495316	0.0238757
0.0644519	0.00648627
0.0805829	-0.00716426
0.0857445	-0.0116942
0.101229	-0.0212202
0.113516	-0.0280368
0.134113	-0.0345443
0.144902	-0.0357758
0.163859	-0.0374028
0.183064	-0.038442
0.200346	-0.0369028
0.215443	-0.0338465
0.237755	-0.0273952
0.257007	-0.0209115
0.266363	-0.017684
0.273052	-0.0154461
0.292875	-0.00805927
0.31418	0.000233274
)
