(title "Y Velocity vs. Curve Length")
(labels "Curve Length" "Y Velocity")

((xy/key/label "line4")
0	9.63773
0.0174947	9.63932
0.0373617	9.64376
0.0531617	9.64971
0.0562257	9.65097
0.0798645	9.66464
0.098956	9.67913
0.11414	9.69143
0.132484	9.70805
0.145563	9.72172
0.168279	9.74801
0.187107	9.76867
0.202376	9.78444
0.214897	9.79794
0.229376	9.81476
0.23391	9.82183
0.249872	9.84373
0.26479	9.86157
0.277221	9.87881
0.287581	9.89141
0.296214	9.84169
0.303409	9.48039
0.309404	8.2724
0.3144	0
)
