(title "Y Velocity vs. Curve Length")
(labels "Curve Length" "Y Velocity")

((xy/key/label "line5")
0	9.63773
0.00696299	9.63811
0.0177361	9.6393
0.0398169	9.64433
0.0424117	9.64523
0.0563886	9.65062
0.0735653	9.65971
0.0951291	9.67524
0.108497	9.68603
0.131986	9.70882
0.147342	9.72619
0.167984	9.74942
0.185657	9.76697
0.206258	9.78501
0.223499	9.80041
0.233721	9.81287
0.249779	9.83057
0.264696	9.84084
0.277128	9.84835
0.287487	9.85796
0.29612	9.82975
0.303314	9.53563
0.309309	8.25684
0.314305	0
)
