(title "Y Velocity vs. Curve Length")
(labels "Curve Length" "Y Velocity")

((xy/key/label "line2")
0	0
0.00495099	8.41471
0.0109068	9.60741
0.0181022	9.88942
0.0267367	9.93576
0.037098	9.91776
0.0495316	9.89743
0.0644519	9.87366
0.0805829	9.84805
0.0857445	9.84002
0.101229	9.82049
0.113516	9.80567
0.134113	9.77706
0.144902	9.76096
0.163859	9.73433
0.183064	9.71061
0.200346	9.6933
0.215443	9.67981
0.237755	9.66281
0.257007	9.65147
0.266363	9.64738
0.273052	9.64484
0.292875	9.64009
0.31418	9.63772
)
