(title "Y Velocity vs. Curve Length")
(labels "Curve Length" "Y Velocity")

((xy/key/label "line1")
0	9.63772
0.019867	9.63972
0.0389827	9.64402
0.0516985	9.64886
0.0568537	9.65098
0.0785343	9.66376
0.0974962	9.67763
0.110022	9.68776
0.131218	9.70707
0.147674	9.72602
0.165653	9.74777
0.18692	9.76949
0.201156	9.78236
0.202319	9.78341
0.225115	9.80446
0.233737	9.81555
0.249761	9.83497
0.264682	9.84852
0.277118	9.85977
0.28748	9.87438
0.296116	9.85205
0.303313	9.56478
0.30931	8.29106
0.314272	0
)
