(title "Y Velocity vs. Curve Length")
(labels "Curve Length" "Y Velocity")

((xy/key/label "line3")
0	9.63772
0.021058	9.64001
0.0394652	9.64449
0.0510742	9.64869
0.0532508	9.64961
0.0746717	9.66142
0.0935637	9.67517
0.114865	9.69415
0.131388	9.71208
0.146641	9.7305
0.167918	9.75797
0.183144	9.77867
0.202828	9.80615
0.22426	9.83648
0.233629	9.85193
0.249754	9.8819
0.264673	9.91074
0.277105	9.93286
0.287465	9.91336
0.296098	9.76441
0.303293	9.30965
0.309288	8.1483
0.314283	0
)
