(title "Z Velocity vs. Curve Length")
(labels "Curve Length" "Z Velocity")

((xy/key/label "line4")
0	0.000721298
0.0174947	-0.0161092
0.0373617	-0.0347562
0.0531617	-0.0493076
0.0562257	-0.0520954
0.0798645	-0.0725741
0.098956	-0.0873473
0.11414	-0.0984218
0.132484	-0.110916
0.145563	-0.118249
0.168279	-0.125536
0.187107	-0.12889
0.202376	-0.130435
0.214897	-0.130511
0.229376	-0.129469
0.23391	-0.12782
0.249872	-0.122546
0.26479	-0.112257
0.277221	-0.103631
0.287581	-0.0878099
0.296214	-0.059759
0.303409	-0.00476892
0.309404	0.0191627
0.3144	0
)
