(title "Z Velocity vs. Curve Length")
(labels "Curve Length" "Z Velocity")

((xy/key/label "line5")
0	0.000722122
0.00696299	-0.00445722
0.0177361	-0.0124243
0.0398169	-0.028035
0.0424117	-0.029756
0.0563886	-0.0389007
0.0735653	-0.0493328
0.0951291	-0.0611534
0.108497	-0.0675204
0.131986	-0.0757741
0.147342	-0.0777123
0.167984	-0.0775602
0.185657	-0.0754243
0.206258	-0.069871
0.223499	-0.0631121
0.233721	-0.0573842
0.249779	-0.04832
0.264696	-0.0342985
0.277128	-0.0254587
0.287487	-0.013938
0.29612	-0.00877793
0.303314	-0.0113004
0.309309	-0.0702107
0.314305	0
)
