(title "Z Velocity vs. Curve Length")
(labels "Curve Length" "Z Velocity")

((xy/key/label "line1")
0	0.000715751
0.019867	-0.0137141
0.0389827	-0.0273338
0.0516985	-0.0358808
0.0568537	-0.0393113
0.0785343	-0.0526987
0.0974962	-0.0624282
0.110022	-0.0684365
0.131218	-0.0777244
0.147674	-0.0843634
0.165653	-0.0892565
0.18692	-0.090246
0.201156	-0.0880348
0.202319	-0.0878008
0.225115	-0.0797059
0.233737	-0.0743178
0.249761	-0.0636277
0.264682	-0.0524077
0.277118	-0.0445046
0.28748	-0.0359147
0.296116	-0.0298196
0.303313	-0.00493359
0.30931	0.0458732
0.314272	0
)
