(title "Z Velocity vs. Curve Length")
(labels "Curve Length" "Z Velocity")

((xy/key/label "line3")
0	0.000719656
0.021058	-0.0211059
0.0394652	-0.0401332
0.0510742	-0.0520565
0.0532508	-0.0542796
0.0746717	-0.0754948
0.0935637	-0.0938748
0.114865	-0.113602
0.131388	-0.127573
0.146641	-0.139469
0.167918	-0.153934
0.183144	-0.163468
0.202828	-0.173603
0.22426	-0.181328
0.233629	-0.18202
0.249754	-0.185011
0.264673	-0.183888
0.277105	-0.186137
0.287465	-0.180174
0.296098	-0.165634
0.303293	-0.120736
0.309288	-0.0795348
0.314283	0
)
