(title "Z Velocity vs. Curve Length")
(labels "Curve Length" "Z Velocity")

((xy/key/label "line2")
0	0
0.00495099	0.0502504
0.0109068	0.0256628
0.0181022	-0.0477115
0.0267367	-0.0713425
0.037098	-0.0979031
0.0495316	-0.108541
0.0644519	-0.130095
0.0805829	-0.13871
0.0857445	-0.142694
0.101229	-0.144866
0.113516	-0.144613
0.134113	-0.14
0.144902	-0.136023
0.163859	-0.125081
0.183064	-0.112225
0.200346	-0.100417
0.215443	-0.089767
0.237755	-0.0713692
0.257007	-0.0536432
0.266363	-0.0447232
0.273052	-0.0383436
0.292875	-0.0196276
0.31418	0.000717432
)
