(title "X Velocity vs. Curve Length")
(labels "Curve Length" "X Velocity")

((xy/key/label "line1")
0	0.000125971
0.0202317	-0.0151916
0.0370355	-0.0279533
0.0554011	-0.040969
0.0770267	-0.0545892
0.093343	-0.0634871
0.111512	-0.0710184
0.131263	-0.0765576
0.150002	-0.0795353
0.159306	-0.0805146
0.178884	-0.0808004
0.196154	-0.0789293
0.204736	-0.0767086
0.218799	-0.074406
0.233702	-0.0673558
0.249735	-0.0609953
0.264657	-0.0522515
0.277092	-0.0496928
0.287455	-0.0423392
0.29609	-0.0339087
0.303286	-0.0211041
0.309278	-0.0699828
0.314248	0
)
