(title "X Velocity vs. Curve Length")
(labels "Curve Length" "X Velocity")

((xy/key/label "line2")
0	0.000149785
0.0191648	-0.00753672
0.0404543	-0.0161297
0.0428755	-0.0170968
0.0631594	-0.0237068
0.0826911	-0.0291516
0.0952009	-0.0324354
0.0963215	-0.0327422
0.115493	-0.0364041
0.132537	-0.036892
0.151255	-0.0343481
0.171324	-0.027173
0.177701	-0.0238368
0.180853	-0.0221576
0.199133	-0.0104145
0.204571	-0.00475801
0.21868	0.0106953
0.233755	0.0312647
0.249854	0.054729
0.264778	0.0867282
0.277214	0.111988
0.287577	0.09187
0.296214	-0.0537908
0.30341	-0.321754
0.30936	-0.583707
0.314314	0
)
