(title "X Velocity vs. Curve Length")
(labels "Curve Length" "X Velocity")

((xy/key/label "line4")
0	0
0.00496345	0.166025
0.0109603	0.103144
0.0181566	-0.0120838
0.0267921	-0.0779879
0.0371547	-0.0747097
0.0495898	-0.0550515
0.0645119	-0.0348429
0.080507	-0.0164197
0.0953367	-0.00176984
0.109307	0.0107378
0.11684	0.0165885
0.12694	0.0224201
0.144822	0.0308506
0.164079	0.0357809
0.182239	0.0359738
0.196709	0.0337868
0.215783	0.0305224
0.237025	0.0269716
0.258524	0.0213436
0.273661	0.0165497
0.2996	0.00647775
0.314337	0.000181975
)
