(title "X Velocity vs. Curve Length")
(labels "Curve Length" "X Velocity")

((xy/key/label "line3")
0	0.000168494
0.0177139	0.00043725
0.0321062	0.000276141
0.0512621	-6.52525e-05
0.0690557	-0.000351954
0.0721429	-0.000408107
0.0878965	-0.000259146
0.0955796	-0.000360989
0.104793	-0.000311671
0.121759	-0.000910306
0.125681	-0.000773654
0.144251	-0.000282242
0.164921	0.00122317
0.182721	0.00305344
0.197582	0.00413821
0.204328	0.00468575
0.218518	0.00711544
0.233654	0.00904826
0.249837	0.00904168
0.26476	0.00635578
0.277197	-0.00948856
0.287561	-0.0715776
0.296197	-0.201787
0.303391	-0.300886
0.309364	-0.250416
0.314319	0
)
