(title "X Velocity vs. Curve Length")
(labels "Curve Length" "X Velocity")

((xy/key/label "line5")
0	0.00018098
0.00780855	0.00621265
0.0217051	0.0170139
0.0260565	0.0202809
0.0420854	0.0320989
0.0593115	0.0441184
0.0765721	0.054834
0.0958784	0.0646865
0.115313	0.0736047
0.129789	0.0789832
0.147659	0.0832352
0.166708	0.084083
0.180864	0.0823346
0.198973	0.0774862
0.204572	0.0743763
0.218677	0.0675353
0.233723	0.0574383
0.24979	0.0468641
0.26471	0.0343428
0.277143	0.0257356
0.287504	0.0183907
0.296139	0.0194423
0.303334	0.0126482
0.30933	-0.0269936
0.314327	0
)
