(title "Y Velocity vs. Curve Length")
(labels "Curve Length" "Y Velocity")

((xy/key/label "line1")
0	9.97151
0.0202317	9.97297
0.0370355	9.97764
0.0554011	9.98546
0.0770267	9.99831
0.093343	10.0109
0.111512	10.0276
0.131263	10.0481
0.150002	10.0684
0.159306	10.0786
0.178884	10.0995
0.196154	10.1181
0.204736	10.1307
0.218799	10.1521
0.233702	10.1694
0.249735	10.1846
0.264657	10.1997
0.277092	10.214
0.287455	10.2377
0.29609	10.2369
0.303286	9.9958
0.309278	8.71234
0.314248	0
)
