(title "Y Velocity vs. Curve Length")
(labels "Curve Length" "Y Velocity")

((xy/key/label "line5")
0	9.97153
0.00780855	9.97161
0.0217051	9.9733
0.0260565	9.97433
0.0420854	9.97934
0.0593115	9.98737
0.0765721	9.99773
0.0958784	10.0126
0.115313	10.0317
0.129789	10.0473
0.147659	10.0658
0.166708	10.0849
0.180864	10.0992
0.198973	10.1191
0.204572	10.128
0.218677	10.1502
0.233723	10.1677
0.24979	10.1823
0.26471	10.1962
0.277143	10.2088
0.287504	10.2302
0.296139	10.2247
0.303334	9.9748
0.30933	8.67928
0.314327	0
)
