(title "Y Velocity vs. Curve Length")
(labels "Curve Length" "Y Velocity")

((xy/key/label "line3")
0	9.97155
0.0177139	9.97268
0.0321062	9.9758
0.0512621	9.98267
0.0690557	9.99284
0.0721429	9.99487
0.0878965	10.0068
0.0955796	10.0133
0.104793	10.0216
0.121759	10.0381
0.125681	10.0424
0.144251	10.0645
0.164921	10.0935
0.182721	10.119
0.197582	10.1401
0.204328	10.1516
0.218518	10.1773
0.233654	10.204
0.249837	10.2332
0.26476	10.2643
0.277197	10.2692
0.287561	10.198
0.296197	9.95366
0.303391	9.38737
0.309364	8.18379
0.314319	0
)
