(title "Y Velocity vs. Curve Length")
(labels "Curve Length" "Y Velocity")

((xy/key/label "line4")
0	0
0.00496345	8.63973
0.0109603	9.85556
0.0181566	10.2034
0.0267921	10.2476
0.0371547	10.2316
0.0495898	10.2112
0.0645119	10.1911
0.080507	10.1714
0.0953367	10.1519
0.109307	10.1307
0.11684	10.1195
0.12694	10.1072
0.144822	10.0875
0.164079	10.0673
0.182239	10.0477
0.196709	10.0321
0.215783	10.014
0.237025	9.99784
0.258524	9.98525
0.273661	9.97873
0.2996	9.97211
0.314337	9.97154
)
