(title "Y Velocity vs. Curve Length")
(labels "Curve Length" "Y Velocity")

((xy/key/label "line2")
0	9.97154
0.0191648	9.97298
0.0404543	9.97859
0.0428755	9.97947
0.0631594	9.98971
0.0826911	10.0029
0.0952009	10.0133
0.0963215	10.0143
0.115493	10.0345
0.132537	10.0547
0.151255	10.0781
0.171324	10.1051
0.177701	10.1134
0.180853	10.1176
0.199133	10.1424
0.204571	10.1521
0.21868	10.1797
0.233755	10.2047
0.249854	10.2289
0.264778	10.2575
0.277214	10.2806
0.287577	10.2894
0.296214	10.235
0.30341	10.0303
0.30936	9.01359
0.314314	0
)
