(title "Z Velocity vs. Curve Length")
(labels "Curve Length" "Z Velocity")

((xy/key/label "line1")
0	0.000664167
0.0202317	-0.0149677
0.0370355	-0.0275479
0.0554011	-0.0399567
0.0770267	-0.0531284
0.093343	-0.0613424
0.111512	-0.0688313
0.131263	-0.0756523
0.150002	-0.0798265
0.159306	-0.0810501
0.178884	-0.0800517
0.196154	-0.0753498
0.204736	-0.0708261
0.218799	-0.063936
0.233702	-0.0541895
0.249735	-0.0440824
0.264657	-0.0317358
0.277092	-0.0229487
0.287455	-0.0153866
0.29609	-0.0156729
0.303286	-0.00779697
0.309278	0.0360989
0.314248	0
)
