(title "Z Velocity vs. Curve Length")
(labels "Curve Length" "Z Velocity")

((xy/key/label "line2")
0	0.00070325
0.0191648	-0.0186107
0.0404543	-0.0397972
0.0428755	-0.0422113
0.0631594	-0.0618031
0.0826911	-0.0795349
0.0952009	-0.0902561
0.0963215	-0.0912203
0.115493	-0.107219
0.132537	-0.119469
0.151255	-0.130566
0.171324	-0.139156
0.177701	-0.140271
0.180853	-0.140774
0.199133	-0.141187
0.204571	-0.138166
0.21868	-0.133106
0.233755	-0.113666
0.249854	-0.0906329
0.264778	-0.0507582
0.277214	-0.0186872
0.287577	0.0356378
0.296214	0.0902369
0.30341	0.192524
0.30936	0.236602
0.314314	0
)
