(title "Z Velocity vs. Curve Length")
(labels "Curve Length" "Z Velocity")

((xy/key/label "line5")
0	0.000802477
0.00780855	-0.00525575
0.0217051	-0.016045
0.0260565	-0.019326
0.0420854	-0.0309788
0.0593115	-0.0430277
0.0765721	-0.0548171
0.0958784	-0.0657838
0.115313	-0.0729332
0.129789	-0.0761869
0.147659	-0.0798404
0.166708	-0.0818785
0.180864	-0.0816227
0.198973	-0.0794699
0.204572	-0.0773563
0.218677	-0.0740355
0.233723	-0.066682
0.24979	-0.0605517
0.26471	-0.051661
0.277143	-0.0478614
0.287504	-0.0381761
0.296139	-0.0273211
0.303334	-0.0142154
0.30933	-0.0612435
0.314327	0
)
