(title "Z Velocity vs. Curve Length")
(labels "Curve Length" "Z Velocity")

((xy/key/label "line4")
0	0
0.00496345	0.0191685
0.0109603	-0.00513588
0.0181566	-0.0727506
0.0267921	-0.106875
0.0371547	-0.125057
0.0495898	-0.135775
0.0645119	-0.146434
0.080507	-0.152164
0.0953367	-0.154839
0.109307	-0.152698
0.11684	-0.151116
0.12694	-0.147584
0.144822	-0.139775
0.164079	-0.129232
0.182239	-0.118842
0.196709	-0.109257
0.215783	-0.0932925
0.237025	-0.0742407
0.258524	-0.0540331
0.273661	-0.039355
0.2996	-0.0140117
0.314337	0.000795989
)
