(title "Z Velocity vs. Curve Length")
(labels "Curve Length" "Z Velocity")

((xy/key/label "line3")
0	0.0007439
0.0177139	-0.0185457
0.0321062	-0.0341534
0.0512621	-0.0550528
0.0690557	-0.0746583
0.0721429	-0.0780088
0.0878965	-0.0945966
0.0955796	-0.102542
0.104793	-0.111607
0.121759	-0.128181
0.125681	-0.131916
0.144251	-0.14999
0.164921	-0.168794
0.182721	-0.183323
0.197582	-0.196448
0.204328	-0.20156
0.218518	-0.216534
0.233654	-0.231391
0.249837	-0.253165
0.26476	-0.275863
0.277197	-0.303002
0.287561	-0.310277
0.296197	-0.284047
0.303391	-0.201048
0.309364	-0.127607
0.314319	0
)
