(title "X Velocity vs. Curve Length")
(labels "Curve Length" "X Velocity")

((xy/key/label "line2")
0	0
0.00452538	-0.793174
0.00999011	-0.261278
0.0165974	0.213244
0.0245247	0.476583
0.0340372	0.558295
0.0454562	0.568066
0.0572818	0.560002
0.06844	0.56879
0.0743858	0.589878
0.087527	0.651771
0.0985003	0.660626
0.112108	0.51313
0.125345	0.00509361
0.13863	-1.1128
0.150781	-1.94893
0.163727	0
0.176735	0
0.191174	0
0.201292	0
0.216488	0
0.229549	0
0.242911	0
0.252838	0
0.268806	0
0.281313	0
0.293201	0
0.308835	0
0.314588	0
)
