(title "X Velocity vs. Curve Length")
(labels "Curve Length" "X Velocity")

((xy/key/label "line4")
0	0
0.00458551	0.333644
0.0101307	-0.0316012
0.0168272	-0.236836
0.0249427	-0.382867
0.0346767	-0.454333
0.046358	-0.494074
0.0585345	-0.53475
0.0701496	-0.586641
0.0745119	-0.609512
0.0860794	-0.678134
0.0998527	-0.785033
0.106934	-0.856243
0.122036	-1.05356
0.139003	-1.35993
0.148401	-1.52588
0.165608	0
0.175719	0
0.190536	0
0.202674	0
0.217205	0
0.226425	0
0.240511	0
0.255895	0
0.265832	0
0.280411	0
0.298079	0
0.306482	0
0.314732	0
)
