(title "X Velocity vs. Curve Length")
(labels "Curve Length" "X Velocity")

((xy/key/label "line3")
0	0
0.00445646	-0.558482
0.00986323	-0.402794
0.0163516	-0.0516591
0.0241253	0.305366
0.0334575	0.454315
0.0446649	0.443976
0.0564868	0.40559
0.0677751	0.375413
0.0747421	0.374823
0.0835005	0.418616
0.0972565	0.500398
0.111717	0.464154
0.122133	0.0249418
0.139222	-2.22628
0.149121	-3.58937
0.164774	0
0.174305	0
0.187901	0
0.2038	0
0.205459	0
0.213914	0
0.229897	0
0.242356	0
0.25452	0
0.266954	0
0.28034	0
0.294668	0
0.30832	0
0.314582	0
)
