(title "X Velocity vs. Curve Length")
(labels "Curve Length" "X Velocity")

((xy/key/label "line5")
0	0
0.00439136	-0.579951
0.0097006	-0.51511
0.0161176	-0.437925
0.0238629	-0.466404
0.0332492	-0.527806
0.0444897	-0.57191
0.0557292	-0.594304
0.0664745	-0.610621
0.0713937	-0.619043
0.0850103	-0.638724
0.0954652	-0.646577
0.112882	-0.658756
0.122655	-0.680725
0.139233	-0.582534
0.149625	-0.381188
0.164487	0
0.175006	0
0.190118	0
0.20275	0
0.21406	0
0.229493	0
0.238069	0
0.251988	0
0.266453	0
0.280101	0
0.291278	0
0.305856	0
0.314573	0
)
