(title "X Velocity vs. Curve Length")
(labels "Curve Length" "X Velocity")

((xy/key/label "line1")
0	0
0.00443611	-0.793924
0.00980856	-0.433771
0.0163073	-0.15177
0.0242094	-0.0136875
0.0337142	0.05112
0.0451181	0.108776
0.0571501	0.148129
0.0685948	0.161414
0.0742704	0.158647
0.0861103	0.148844
0.0974774	0.128344
0.109952	0.0869412
0.125711	-0.00983047
0.134485	-0.113767
0.135062	-0.121184
0.151494	-0.0980052
0.162973	0
0.177364	0
0.192542	0
0.19604	0
0.202136	0
0.218721	0
0.229919	0
0.244075	0
0.255191	0
0.270199	0
0.271716	0
0.281472	0
0.292775	0
0.296441	0
0.308375	0
0.314567	0
)
