(title "Y Velocity vs. Curve Length")
(labels "Curve Length" "Y Velocity")

((xy/key/label "line4")
0	0
0.00458551	10.8949
0.0101307	12.7246
0.0168272	13.5813
0.0249427	13.7329
0.0346767	13.7111
0.046358	13.7197
0.0585345	13.7647
0.0701496	13.8114
0.0745119	13.8287
0.0860794	13.8799
0.0998527	13.959
0.106934	14.0131
0.122036	14.1135
0.139003	13.6969
0.148401	12.4222
0.165608	0
0.175719	0
0.190536	0
0.202674	0
0.217205	0
0.226425	0
0.240511	0
0.255895	0
0.265832	0
0.280411	0
0.298079	0
0.306482	0
0.314732	0
)
