(title "Y Velocity vs. Curve Length")
(labels "Curve Length" "Y Velocity")

((xy/key/label "line2")
0	0
0.00452538	8.76514
0.00999011	11.5096
0.0165974	12.9522
0.0245247	13.2764
0.0340372	13.3514
0.0454562	13.4629
0.0572818	13.5981
0.06844	13.7294
0.0743858	13.8007
0.087527	13.9457
0.0985003	14.0361
0.112108	14.0619
0.125345	14.0328
0.13863	14.013
0.150781	13.2965
0.163727	0
0.176735	0
0.191174	0
0.201292	0
0.216488	0
0.229549	0
0.242911	0
0.252838	0
0.268806	0
0.281313	0
0.293201	0
0.308835	0
0.314588	0
)
