(title "Y Velocity vs. Curve Length")
(labels "Curve Length" "Y Velocity")

((xy/key/label "line1")
0	0
0.00443611	9.42895
0.00980856	11.5906
0.0163073	12.9389
0.0242094	13.3296
0.0337142	13.3545
0.0451181	13.4021
0.0571501	13.5114
0.0685948	13.6262
0.0742704	13.6801
0.0861103	13.7905
0.0974774	13.901
0.109952	14.0312
0.125711	14.2308
0.134485	14.3039
0.135062	14.3083
0.151494	13.1373
0.162973	0
0.177364	0
0.192542	0
0.19604	0
0.202136	0
0.218721	0
0.229919	0
0.244075	0
0.255191	0
0.270199	0
0.271716	0
0.281472	0
0.292775	0
0.296441	0
0.308375	0
0.314567	0
)
