(title "Y Velocity vs. Curve Length")
(labels "Curve Length" "Y Velocity")

((xy/key/label "line5")
0	0
0.00439136	9.44781
0.0097006	11.5949
0.0161176	12.9372
0.0238629	13.3337
0.0332492	13.3596
0.0444897	13.3995
0.0557292	13.4983
0.0664745	13.6068
0.0713937	13.6535
0.0850103	13.7801
0.0954652	13.8788
0.112882	14.0499
0.122655	14.1723
0.139233	14.2819
0.149625	13.3621
0.164487	0
0.175006	0
0.190118	0
0.20275	0
0.21406	0
0.229493	0
0.238069	0
0.251988	0
0.266453	0
0.280101	0
0.291278	0
0.305856	0
0.314573	0
)
