(title "Y Velocity vs. Curve Length")
(labels "Curve Length" "Y Velocity")

((xy/key/label "line3")
0	0
0.00445646	9.35824
0.00986323	11.4416
0.0163516	12.8138
0.0241253	13.4529
0.0334575	13.6928
0.0446649	13.7687
0.0564868	13.8207
0.0677751	13.88
0.0747421	13.9225
0.0835005	13.9811
0.0972565	14.0356
0.111717	13.8986
0.122133	13.5754
0.139222	12.8179
0.149121	11.9097
0.164774	0
0.174305	0
0.187901	0
0.2038	0
0.205459	0
0.213914	0
0.229897	0
0.242356	0
0.25452	0
0.266954	0
0.28034	0
0.294668	0
0.30832	0
0.314582	0
)
