(title "Z Velocity vs. Curve Length")
(labels "Curve Length" "Z Velocity")

((xy/key/label "line3")
0	0
0.00445646	-0.0902431
0.00986323	-0.106852
0.0163516	-0.101359
0.0241253	-0.00386536
0.0334575	0.124682
0.0446649	0.274841
0.0564868	0.405682
0.0677751	0.532408
0.0747421	0.617682
0.0835005	0.746062
0.0972565	1.00008
0.111717	1.30235
0.122133	1.51022
0.139222	1.60067
0.149121	1.5616
0.164774	0
0.174305	0
0.187901	0
0.2038	0
0.205459	0
0.213914	0
0.229897	0
0.242356	0
0.25452	0
0.266954	0
0.28034	0
0.294668	0
0.30832	0
0.314582	0
)
