(title "Z Velocity vs. Curve Length")
(labels "Curve Length" "Z Velocity")

((xy/key/label "line5")
0	0
0.00439136	-0.776646
0.0097006	-0.42938
0.0161176	-0.15179
0.0238629	-0.0155017
0.0332492	0.0482689
0.0444897	0.10457
0.0557292	0.143591
0.0664745	0.159983
0.0713937	0.160483
0.0850103	0.149665
0.0954652	0.131735
0.112882	0.0727505
0.122655	0.0102814
0.139233	-0.182149
0.149625	-0.151302
0.164487	0
0.175006	0
0.190118	0
0.20275	0
0.21406	0
0.229493	0
0.238069	0
0.251988	0
0.266453	0
0.280101	0
0.291278	0
0.305856	0
0.314573	0
)
