(title "Z Velocity vs. Curve Length")
(labels "Curve Length" "Z Velocity")

((xy/key/label "line4")
0	0
0.00458551	-0.220661
0.0101307	-0.205514
0.0168272	-0.18174
0.0249427	-0.109941
0.0346767	-0.0191615
0.046358	0.0877421
0.0585345	0.181412
0.0701496	0.263951
0.0745119	0.292282
0.0860794	0.371751
0.0998527	0.4561
0.106934	0.499324
0.122036	0.56666
0.139003	0.28052
0.148401	-0.0205951
0.165608	0
0.175719	0
0.190536	0
0.202674	0
0.217205	0
0.226425	0
0.240511	0
0.255895	0
0.265832	0
0.280411	0
0.298079	0
0.306482	0
0.314732	0
)
