(title "Z Velocity vs. Curve Length")
(labels "Curve Length" "Z Velocity")

((xy/key/label "line2")
0	0
0.00452538	0.486701
0.00999011	0.513742
0.0165974	0.478026
0.0245247	0.496021
0.0340372	0.499461
0.0454562	0.504437
0.0572818	0.473794
0.06844	0.429432
0.0743858	0.388002
0.087527	0.282136
0.0985003	0.187133
0.112108	0.115873
0.125345	0.205853
0.13863	0.597632
0.150781	1.30772
0.163727	0
0.176735	0
0.191174	0
0.201292	0
0.216488	0
0.229549	0
0.242911	0
0.252838	0
0.268806	0
0.281313	0
0.293201	0
0.308835	0
0.314588	0
)
