(title "Z Velocity vs. Curve Length")
(labels "Curve Length" "Z Velocity")

((xy/key/label "line1")
0	0
0.00443611	0.605226
0.00980856	0.52752
0.0163073	0.443368
0.0242094	0.46935
0.0337142	0.528699
0.0451181	0.5713
0.0571501	0.593956
0.0685948	0.610906
0.0742704	0.617878
0.0861103	0.629411
0.0974774	0.631606
0.109952	0.637469
0.125711	0.661855
0.134485	0.589226
0.135062	0.583944
0.151494	0.305855
0.162973	0
0.177364	0
0.192542	0
0.19604	0
0.202136	0
0.218721	0
0.229919	0
0.244075	0
0.255191	0
0.270199	0
0.271716	0
0.281472	0
0.292775	0
0.296441	0
0.308375	0
0.314567	0
)
