(title "X Velocity vs. Curve Length")
(labels "Curve Length" "X Velocity")

((xy/key/label "line2")
0	0
0.00369954	0.0393715
0.00813183	0.034134
0.0134466	0.0289815
0.0198123	0.0236453
0.0274527	0.0182143
0.0366262	0.0127162
0.0476462	0.00722746
0.0603725	0.0021135
0.066866	0.000263485
0.0810608	-0.00195381
0.0820083	-0.00205281
0.0931811	-0.00220922
0.111855	-0.00043141
0.131556	0.012828
0.1499	0.0316524
0.165144	0.0390118
0.180821	0.0341705
0.194569	0.0203506
0.212641	0.0121796
0.233136	0.00658274
0.251473	0.00332937
0.26877	0.00181366
0.293828	0.00121005
0.310615	0.00119052
0.314522	0.00123041
)
