(title "X Velocity vs. Curve Length")
(labels "Curve Length" "X Velocity")

((xy/key/label "line5")
0	0
0.00369613	0.0053744
0.00813122	0.00484722
0.0134432	0.00712186
0.0198046	0.0107601
0.0274403	0.0150348
0.0366059	0.0194374
0.0476168	0.0234925
0.0603466	0.0262384
0.0651617	0.0267074
0.0814586	0.0251701
0.0946333	0.0204549
0.11717	0.00213563
0.12801	-0.0173114
0.151423	-0.0718642
0.163941	-0.0518943
0.183725	-0.0445006
0.200027	-0.0233225
0.218301	-0.0126653
0.235111	-0.0063694
0.252885	-0.00232305
0.268278	-2.34514e-05
0.284732	0.0010835
0.291276	0.00135588
0.310505	0.00130499
0.314554	0.00127829
)
