(title "X Velocity vs. Curve Length")
(labels "Curve Length" "X Velocity")

((xy/key/label "line1")
0	0.00126685
0.00375907	0.00117854
0.0250847	0.00119057
0.0408203	0.0017541
0.0597108	0.00390899
0.079681	0.00867011
0.0942615	0.0141058
0.113954	0.0258946
0.128906	0.045851
0.148062	0.0604649
0.166256	0.0631739
0.184757	0.0298135
0.200213	0.00543243
0.216404	-0.00398229
0.234883	-0.00939666
0.249932	-0.0105982
0.254167	-0.00988227
0.266885	-0.00683132
0.277888	-0.0034527
0.287047	-0.000321896
0.294678	0.00204783
0.301035	0.00318615
0.306345	0.00255712
0.310778	-0.0013202
0.314472	0
)
