(title "X Velocity vs. Curve Length")
(labels "Curve Length" "X Velocity")

((xy/key/label "line4")
0	0
0.00369835	-0.0244558
0.00813621	-0.0261145
0.013455	-0.0253916
0.0198205	-0.0233876
0.0274572	-0.0204902
0.0366242	-0.016972
0.0476378	-0.0130965
0.06035	-0.00926052
0.0679344	-0.00755899
0.083449	-0.00544147
0.0958199	-0.00504825
0.117246	-0.00947201
0.129321	-0.0178593
0.15085	-0.0347105
0.164952	-0.0466141
0.184476	-0.0349727
0.199884	-0.0196811
0.214691	-0.0122295
0.229606	-0.00705205
0.248538	-0.00288505
0.269672	-6.09989e-05
0.286249	0.000940728
0.311118	0.00126386
0.314507	0.00127306
)
