(title "X Velocity vs. Curve Length")
(labels "Curve Length" "X Velocity")

((xy/key/label "line3")
0	0
0.00369766	-0.00880569
0.00813016	-0.00945691
0.0134402	-0.0101709
0.0198025	-0.0109268
0.0274347	-0.0116905
0.0365971	-0.0123991
0.047603	-0.0129472
0.060324	-0.0133644
0.0708944	-0.0134998
0.0722892	-0.0134717
0.0924884	-0.0117774
0.115553	-0.00937647
0.128981	-0.0077571
0.150043	-0.00337405
0.165014	-0.00337096
0.183595	-0.00266545
0.201653	-0.00152704
0.214205	-0.000353833
0.235531	0.00027276
0.239998	0.000306182
0.25191	0.000555748
0.268651	0.000725992
0.288792	0.0011229
0.311207	0.00122979
0.31456	0.00124964
)
