(title "Y Velocity vs. Curve Length")
(labels "Curve Length" "Y Velocity")

((xy/key/label "line2")
0	0
0.00369954	10.1057
0.00813183	10.0801
0.0134466	10.064
0.0198123	10.0539
0.0274527	10.0466
0.0366262	10.0398
0.0476462	10.0311
0.0603725	10.0199
0.066866	10.0123
0.0810608	9.99534
0.0820083	9.99407
0.0931811	9.97864
0.111855	9.94894
0.131556	9.89671
0.1499	9.83737
0.165144	10.2761
0.180821	10.2439
0.194569	10.1929
0.212641	10.1629
0.233136	10.1446
0.251473	10.134
0.26877	10.1275
0.293828	10.1213
0.310615	10.1195
0.314522	10.1197
)
