(title "Y Velocity vs. Curve Length")
(labels "Curve Length" "Y Velocity")

((xy/key/label "line1")
0	10.1196
0.00375907	10.1195
0.0250847	10.1216
0.0408203	10.125
0.0597108	10.1311
0.079681	10.1406
0.0942615	10.1505
0.113954	10.1733
0.128906	10.2102
0.148062	10.2431
0.166256	9.86668
0.184757	9.90031
0.200213	9.93259
0.216404	9.9524
0.234883	9.96865
0.249932	9.9784
0.254167	9.98023
0.266885	9.98531
0.277888	9.98954
0.287047	9.99405
0.294678	10.001
0.301035	10.0131
0.306345	10.0338
0.310778	10.0675
0.314472	0
)
