(title "Y Velocity vs. Curve Length")
(labels "Curve Length" "Y Velocity")

((xy/key/label "line4")
0	0
0.00369835	10.096
0.00813621	10.0637
0.013455	10.0431
0.0198205	10.0298
0.0274572	10.0203
0.0366242	10.012
0.0476378	10.0028
0.06035	9.99214
0.0679344	9.98541
0.083449	9.9685
0.0958199	9.95438
0.117246	9.92431
0.129321	9.89331
0.15085	9.837
0.164952	10.2782
0.184476	10.2281
0.199884	10.1835
0.214691	10.1619
0.229606	10.1485
0.248538	10.1368
0.269672	10.1276
0.286249	10.1229
0.311118	10.1196
0.314507	10.1197
)
