(title "Y Velocity vs. Curve Length")
(labels "Curve Length" "Y Velocity")

((xy/key/label "line3")
0	0
0.00369766	10.1387
0.00813016	10.1146
0.0134402	10.0992
0.0198025	10.088
0.0274347	10.0778
0.0365971	10.0662
0.047603	10.0517
0.060324	10.0346
0.0708944	10.0184
0.0722892	10.0161
0.0924884	9.98222
0.115553	9.94
0.128981	9.89815
0.150043	9.83797
0.165014	10.2795
0.183595	10.2441
0.201653	10.1869
0.214205	10.1661
0.235531	10.1455
0.239998	10.1427
0.25191	10.1355
0.268651	10.1283
0.288792	10.1225
0.311207	10.1195
0.31456	10.1197
)
