(title "Y Velocity vs. Curve Length")
(labels "Curve Length" "Y Velocity")

((xy/key/label "line5")
0	0
0.00369613	10.0279
0.00813122	10.0065
0.0134432	9.99456
0.0198046	9.98873
0.0274403	9.98627
0.0366059	9.98489
0.0476168	9.98268
0.0603466	9.97874
0.0651617	9.97679
0.0814586	9.96601
0.0946333	9.95484
0.11717	9.92694
0.12801	9.90339
0.151423	9.86701
0.163941	10.2516
0.183725	10.2209
0.200027	10.1797
0.218301	10.1568
0.235111	10.1438
0.252885	10.1341
0.268278	10.1279
0.284732	10.1234
0.291276	10.1218
0.310505	10.1196
0.314554	10.1196
)
