(title "Z Velocity vs. Curve Length")
(labels "Curve Length" "Z Velocity")

((xy/key/label "line4")
0	0
0.00369835	-0.0433891
0.00813621	-0.0397666
0.013455	-0.0408363
0.0198205	-0.0439853
0.0274572	-0.0480574
0.0366242	-0.0520148
0.0476378	-0.0547427
0.06035	-0.0555401
0.0679344	-0.0543085
0.083449	-0.047214
0.0958199	-0.0374646
0.117246	-0.0102418
0.129321	0.0198699
0.15085	0.0690745
0.164952	0.0659452
0.184476	0.0541277
0.199884	0.0260163
0.214691	0.0152113
0.229606	0.00789701
0.248538	0.00306425
0.269672	0.000512514
0.286249	-0.000157897
0.311118	7.86307e-05
0.314507	0.000137357
)
