(title "Z Velocity vs. Curve Length")
(labels "Curve Length" "Z Velocity")

((xy/key/label "line1")
0	0.000160115
0.00375907	6.23616e-05
0.0250847	-0.000220731
0.0408203	0.000165757
0.0597108	0.00200003
0.079681	0.00617522
0.0942615	0.0115317
0.113954	0.0227796
0.128906	0.0409266
0.148062	0.0552764
0.166256	0.050241
0.184757	0.0166349
0.200213	-0.00831816
0.216404	-0.0197341
0.234883	-0.0267804
0.249932	-0.0298545
0.254167	-0.0292717
0.266885	-0.026458
0.277888	-0.0228392
0.287047	-0.0189595
0.294678	-0.0154749
0.301035	-0.0129487
0.306345	-0.0119529
0.310778	-0.0139271
0.314472	0
)
