(title "Z Velocity vs. Curve Length")
(labels "Curve Length" "Z Velocity")

((xy/key/label "line5")
0	0
0.00369613	0.018566
0.00813122	0.0165011
0.0134432	0.0123392
0.0198046	0.00747647
0.0274403	0.00255361
0.0366059	-0.00208697
0.0476168	-0.00621551
0.0603466	-0.00910511
0.0651617	-0.00962476
0.0814586	-0.0086465
0.0946333	-0.00480172
0.11717	0.0106586
0.12801	0.0272281
0.151423	0.0679846
0.163941	0.0759596
0.183725	0.0562133
0.200027	0.0281405
0.218301	0.0147612
0.235111	0.00790068
0.252885	0.00359047
0.268278	0.00130489
0.284732	0.000320878
0.291276	5.05548e-05
0.310505	9.91435e-05
0.314554	0.000150572
)
