(title "Z Velocity vs. Curve Length")
(labels "Curve Length" "Z Velocity")

((xy/key/label "line2")
0	0
0.00369954	0.00410335
0.00813183	-0.00819468
0.0134466	-0.019725
0.0198123	-0.0310278
0.0274527	-0.0416537
0.0366262	-0.051152
0.0476462	-0.0588022
0.0603725	-0.0640014
0.066866	-0.064611
0.0810608	-0.0598614
0.0820083	-0.0593947
0.0931811	-0.0512989
0.111855	-0.0311856
0.131556	0.0139728
0.1499	0.0702687
0.165144	0.0733514
0.180821	0.0535041
0.194569	0.0247243
0.212641	0.0128905
0.233136	0.00492634
0.251473	0.00149583
0.26877	0.000171197
0.293828	-0.000364748
0.310615	4.20562e-05
0.314522	0.00013251
)
