(title "Z Velocity vs. Curve Length")
(labels "Curve Length" "Z Velocity")

((xy/key/label "line3")
0	0
0.00369766	0.0111636
0.00813016	-0.00495266
0.0134402	-0.0191378
0.0198025	-0.0329806
0.0274347	-0.046175
0.0365971	-0.0581783
0.047603	-0.0679463
0.060324	-0.0748706
0.0708944	-0.0746207
0.0722892	-0.0740405
0.0924884	-0.0618747
0.115553	-0.0341124
0.128981	0.00484452
0.150043	0.0912693
0.165014	0.0956223
0.183595	0.0554515
0.201653	0.021393
0.214205	0.0123162
0.235531	0.00403708
0.239998	0.00325938
0.25191	0.0013833
0.268651	0.000162874
0.288792	-0.000393628
0.311207	6.16407e-05
0.31456	0.000126271
)
