(title "X Velocity vs. Curve Length")
(labels "Curve Length" "X Velocity")

((xy/key/label "line2")
0	0
0.00369915	0.270559
0.00813839	0.408824
0.0134701	0.444176
0.0198641	0.425819
0.0275441	0.403109
0.0367574	0.439504
0.0478328	0.539752
0.0606308	0.715946
0.0700306	0.896401
0.0717576	0.936843
0.0953822	1.36267
0.112268	1.79109
0.132184	1.99882
0.147805	1.71102
0.166809	0.0502319
0.186231	0.0448962
0.200314	0.0529583
0.222545	0.0304163
0.229879	0.0263716
0.23302	0.0249452
0.253388	0.0213759
0.272941	0.0108804
0.294297	0.0054867
0.312303	0.000305696
0.314345	-0.000190096
)
