(title "X Velocity vs. Curve Length")
(labels "Curve Length" "X Velocity")

((xy/key/label "line1")
0	0
0.00364186	2.08479
0.00807576	1.66274
0.0133853	1.20048
0.01975	0.660934
0.027379	0.188721
0.036536	-0.110695
0.0475403	-0.268428
0.0601866	-0.439139
0.0660251	-0.560045
0.0801989	-0.85359
0.0926744	-1.05033
0.109636	-0.951704
0.132573	-0.105467
0.145843	0.898922
0.167813	0.0461633
0.17994	0.0455114
0.181781	0.0460028
0.202544	0.0483156
0.219979	0.0317989
0.239156	0.0274163
0.254397	0.0211537
0.274279	0.0124854
0.28044	0.00901754
0.290524	0.00523821
0.302772	0.00279545
0.310293	0.000865143
0.314359	-0.000190055
)
