(title "X Velocity vs. Curve Length")
(labels "Curve Length" "X Velocity")

((xy/key/label "line5")
0	0
0.0036606	-4.92326
0.0081185	-3.79433
0.0134581	-2.5186
0.0198613	-1.01133
0.0275362	0.270308
0.0367446	0.934544
0.0478093	0.963769
0.0602474	0.865464
0.069099	0.846083
0.0798661	0.642239
0.0986506	-0.181592
0.106062	-0.763479
0.109757	-1.07411
0.130877	-3.22487
0.149124	-4.40443
0.16541	0
0.18612	0
0.20098	0
0.223667	0
0.238117	0
0.258648	0
0.275668	0
0.293562	0
0.312892	0
0.314355	0
)
