(title "X Velocity vs. Curve Length")
(labels "Curve Length" "X Velocity")

((xy/key/label "line4")
0	0
0.00367087	-1.31193
0.00810666	-1.14056
0.0134258	-0.823023
0.0197949	-0.523306
0.0274376	-0.396142
0.036609	-0.364507
0.0476229	-0.363348
0.0601451	-0.378986
0.0692481	-0.423402
0.079103	-0.511633
0.0860386	-0.587482
0.0977138	-0.758733
0.1033	-0.842899
0.110804	-0.975626
0.128249	-1.35605
0.148866	-1.50955
0.164857	0
0.180416	0
0.195996	0
0.214544	0
0.231607	0
0.253739	0
0.274363	0
0.291149	0
0.31291	0
0.314288	0
)
