(title "X Velocity vs. Curve Length")
(labels "Curve Length" "X Velocity")

((xy/key/label "line3")
0	-0.000282125
0.00151783	9.67541e-05
0.0247294	0.00617217
0.0474623	0.0162014
0.0652166	0.0140861
0.0728495	0.0215635
0.0813136	0.0249398
0.0950776	0.0193438
0.0986128	0.0208961
0.117698	0.0264708
0.134149	0.027845
0.148658	0.0124299
0.16616	0.225235
0.184018	0.40724
0.203718	0.882761
0.217452	0.950856
0.235959	0.866657
0.245568	0.755636
0.253801	0.662665
0.266536	0.545726
0.277609	0.468049
0.286824	0.415213
0.294493	0.351973
0.300878	0.216522
0.306199	0.0646376
0.310646	-0.0289483
0.314349	0
)
