(title "Y Velocity vs. Curve Length")
(labels "Curve Length" "Y Velocity")

((xy/key/label "line5")
0	0
0.0036606	6.36819
0.0081185	6.98447
0.0134581	7.46256
0.0198613	8.58402
0.0275362	10.9481
0.0367446	13.5354
0.0478093	14.4509
0.0602474	14.5791
0.069099	14.6413
0.0798661	14.6276
0.0986506	14.4268
0.106062	14.3189
0.109757	14.2573
0.130877	14.1236
0.149124	13.6901
0.16541	0
0.18612	0
0.20098	0
0.223667	0
0.238117	0
0.258648	0
0.275668	0
0.293562	0
0.312892	0
0.314355	0
)
