(title "Y Velocity vs. Curve Length")
(labels "Curve Length" "Y Velocity")

((xy/key/label "line4")
0	0
0.00367087	10.5079
0.00810666	12.0946
0.0134258	13.1524
0.0197949	13.8246
0.0274376	14.0455
0.036609	14.0856
0.0476229	14.1005
0.0601451	14.1413
0.0692481	14.1896
0.079103	14.2577
0.0860386	14.3128
0.0977138	14.4194
0.1033	14.4873
0.110804	14.5863
0.128249	14.7897
0.148866	14.0459
0.164857	0
0.180416	0
0.195996	0
0.214544	0
0.231607	0
0.253739	0
0.274363	0
0.291149	0
0.31291	0
0.314288	0
)
