(title "Y Velocity vs. Curve Length")
(labels "Curve Length" "Y Velocity")

((xy/key/label "line3")
0	-0.00368568
0.00151783	-0.00349312
0.0247294	-0.00509284
0.0474623	-0.005
0.0652166	-0.00455954
0.0728495	-0.00456127
0.0813136	-0.00478168
0.0950776	-0.0048581
0.0986128	-0.0046705
0.117698	-0.00489411
0.134149	-0.0121149
0.148658	0.0473415
0.16616	11.9186
0.184018	13.5082
0.203718	13.9482
0.217452	14.1406
0.235959	14.1887
0.245568	14.1645
0.253801	14.1189
0.266536	14.0669
0.277609	14.0497
0.286824	13.9455
0.294493	13.5483
0.300878	12.7883
0.306199	11.5958
0.310646	9.5578
0.314349	0
)
