(title "Y Velocity vs. Curve Length")
(labels "Curve Length" "Y Velocity")

((xy/key/label "line1")
0	0
0.00364186	6.35049
0.00807576	6.99057
0.0133853	7.43632
0.01975	8.45937
0.027379	10.7304
0.036536	13.3928
0.0475403	14.4458
0.0601866	14.5901
0.0660251	14.6387
0.0801989	14.6203
0.0926744	14.5352
0.109636	14.2692
0.132573	14.1819
0.145843	13.9331
0.167813	0.0700637
0.17994	-0.00360985
0.181781	-0.0126459
0.202544	-0.00283294
0.219979	-0.00414073
0.239156	-0.00412584
0.254397	-0.0037029
0.274279	-0.00230225
0.28044	-0.00202039
0.290524	-0.00121743
0.302772	-0.000788559
0.310293	-0.00241111
0.314359	-0.00356129
)
