(title "Y Velocity vs. Curve Length")
(labels "Curve Length" "Y Velocity")

((xy/key/label "line2")
0	0
0.00369915	6.33753
0.00813839	9.06657
0.0134701	11.4001
0.0198641	13.2179
0.0275441	13.9409
0.0367574	14.1363
0.0478328	14.2399
0.0606308	14.4366
0.0700306	14.5176
0.0717576	14.502
0.0953822	13.8529
0.112268	13.1661
0.132184	12.6451
0.147805	11.7917
0.166809	0.0755639
0.186231	-0.00843447
0.200314	-0.00451621
0.222545	-0.00418565
0.229879	-0.00414917
0.23302	-0.00411987
0.253388	-0.00355588
0.272941	-0.00401487
0.294297	-0.00232732
0.312303	-0.00319953
0.314345	-0.00356192
)
