(title "Z Velocity vs. Curve Length")
(labels "Curve Length" "Z Velocity")

((xy/key/label "line5")
0	0
0.0036606	2.07765
0.0081185	1.63925
0.0134581	1.17042
0.0198613	0.636355
0.0275362	0.17683
0.0367446	-0.107607
0.0478093	-0.256897
0.0602474	-0.422567
0.069099	-0.601025
0.0798661	-0.810745
0.0986506	-1.04516
0.106062	-0.978119
0.109757	-0.930139
0.130877	-0.112507
0.149124	1.24522
0.16541	0
0.18612	0
0.20098	0
0.223667	0
0.238117	0
0.258648	0
0.275668	0
0.293562	0
0.312892	0
0.314355	0
)
