(title "Z Velocity vs. Curve Length")
(labels "Curve Length" "Z Velocity")

((xy/key/label "line3")
0	0.000317274
0.00151783	0.000692912
0.0247294	0.00650374
0.0474623	0.0146592
0.0652166	0.0132083
0.0728495	0.0181365
0.0813136	0.020422
0.0950776	0.0168024
0.0986128	0.0180653
0.117698	0.0233371
0.134149	0.0282376
0.148658	0.024347
0.16616	2.50623
0.184018	3.33078
0.203718	2.78741
0.217452	2.02379
0.235959	1.38092
0.245568	1.16471
0.253801	1.008
0.266536	0.818782
0.277609	0.67163
0.286824	0.549113
0.294493	0.528241
0.300878	0.72024
0.306199	1.0025
0.310646	1.08264
0.314349	0
)
