(title "Z Velocity vs. Curve Length")
(labels "Curve Length" "Z Velocity")

((xy/key/label "line4")
0	0
0.00367087	1.38968
0.00810666	1.43969
0.0134258	1.27811
0.0197949	1.13032
0.0274376	1.07311
0.036609	1.08128
0.0476229	1.09498
0.0601451	1.10741
0.0692481	1.11726
0.079103	1.12398
0.0860386	1.15532
0.0977138	1.17694
0.1033	1.21783
0.110804	1.28481
0.128249	1.46201
0.148866	1.7181
0.164857	0
0.180416	0
0.195996	0
0.214544	0
0.231607	0
0.253739	0
0.274363	0
0.291149	0
0.31291	0
0.314288	0
)
