(title "Z Velocity vs. Curve Length")
(labels "Curve Length" "Z Velocity")

((xy/key/label "line1")
0	0
0.00364186	4.98974
0.00807576	3.89566
0.0133853	2.62173
0.01975	1.08589
0.027379	-0.251578
0.036536	-0.965332
0.0475403	-1.01658
0.0601866	-0.915306
0.0660251	-0.892258
0.0801989	-0.684131
0.0926744	-0.213846
0.109636	1.03269
0.132573	3.38552
0.145843	4.28347
0.167813	0.017555
0.17994	-0.00780494
0.181781	-0.010952
0.202544	-0.00967172
0.219979	-0.00422125
0.239156	-0.00316185
0.254397	-0.0013617
0.274279	-0.000427984
0.28044	0.000257173
0.290524	0.000622661
0.302772	0.00010852
0.310293	0.000251495
0.314359	0.000400497
)
