(title "Z Velocity vs. Curve Length")
(labels "Curve Length" "Z Velocity")

((xy/key/label "line2")
0	0
0.00369915	1.27896
0.00813839	1.27227
0.0134701	0.898444
0.0198641	0.250457
0.0275441	-0.298942
0.0367574	-0.588461
0.0478328	-0.76864
0.0606308	-1.16915
0.0700306	-1.48271
0.0717576	-1.4933
0.0953822	-0.789672
0.112268	1.31251
0.132184	4.8232
0.147805	6.44909
0.166809	0.053323
0.186231	0.00145667
0.200314	0.00573677
0.222545	0.00617506
0.229879	0.00596203
0.23302	0.00591
0.253388	0.00634229
0.272941	0.00413637
0.294297	0.00299561
0.312303	0.000573011
0.314345	0.000400572
)
