(title "X Velocity vs. Curve Length")
(labels "Curve Length" "X Velocity")

((xy/key/label "line3")
0	-0.000270547
0.00161111	-0.000279317
0.015259	-0.000273645
0.0325557	-0.000312389
0.04556	1.7802e-05
0.0616114	-0.000193239
0.078684	-0.0010375
0.0892056	-0.00171132
0.11145	-0.00299157
0.123265	-0.00306633
0.146771	-0.00222784
0.161354	-0.00122945
0.180224	-0.000780876
0.197629	-0.000725634
0.204175	-9.0789e-05
0.218393	0.00151912
0.23357	0.0019483
0.249769	0.0012041
0.264692	-0.00253558
0.277128	-0.0130559
0.287491	-0.0529307
0.296127	-0.144393
0.303324	-0.219122
0.309278	-0.165849
0.31423	0
)
