(title "X Velocity vs. Curve Length")
(labels "Curve Length" "X Velocity")

((xy/key/label "line1")
0	-0.000255051
0.00193136	-0.00174543
0.0223149	-0.0171565
0.0262909	-0.0201696
0.0381078	-0.0289734
0.0559303	-0.0414368
0.0791709	-0.0566114
0.100127	-0.0677419
0.117926	-0.0738551
0.134724	-0.0776208
0.14635	-0.0795977
0.166981	-0.0812443
0.180531	-0.0804587
0.198826	-0.0776917
0.204677	-0.0755285
0.218708	-0.071632
0.233718	-0.0637334
0.249752	-0.0568792
0.264671	-0.0475452
0.277104	-0.0435423
0.287464	-0.0356403
0.296098	-0.0264965
0.303293	-0.0113618
0.309289	-0.0575266
0.31426	0
)
