(title "X Velocity vs. Curve Length")
(labels "Curve Length" "X Velocity")

((xy/key/label "line2")
0	0
0.00499676	-0.517209
0.0109931	-0.274697
0.0181889	-0.0324054
0.0268239	0.0948429
0.0371858	0.101202
0.0496201	0.0752702
0.0645396	0.0447034
0.08059	0.022725
0.0956042	0.00367597
0.109655	-0.00984553
0.117421	-0.0165937
0.132287	-0.0250511
0.14249	-0.0297044
0.143766	-0.0302604
0.16549	-0.0363737
0.187569	-0.038165
0.199873	-0.03693
0.221708	-0.0324842
0.237319	-0.0278034
0.25331	-0.0230571
0.272544	-0.0169216
0.275079	-0.0160077
0.292396	-0.00935457
0.312765	-0.000946134
0.314388	-0.000259327
)
