(title "X Velocity vs. Curve Length")
(labels "Curve Length" "X Velocity")

((xy/key/label "line4")
0	0
0.00499822	0.167884
0.0109962	0.109254
0.0181937	-0.00581356
0.0268307	-0.0711949
0.0371951	-0.0673197
0.0496323	-0.0479758
0.0645569	-0.0289646
0.0806603	-0.0123092
0.0957342	0.00110011
0.109835	0.0126821
0.116647	0.0180627
0.136724	0.0285564
0.150818	0.0335425
0.171392	0.0366389
0.187652	0.0350173
0.204625	0.031958
0.223975	0.0287744
0.239933	0.0256758
0.258384	0.0212284
0.262446	0.0199759
0.279174	0.0140539
0.284289	0.0120185
0.29934	0.00592884
0.310016	0.00154576
0.312558	0.00049477
0.314442	-0.000291385
)
