(title "X Velocity vs. Curve Length")
(labels "Curve Length" "X Velocity")

((xy/key/label "line5")
0	-0.000304024
0.00212556	0.00134025
0.0227687	0.0168891
0.0424528	0.0317909
0.0530279	0.039104
0.0562708	0.0412569
0.0766263	0.0531098
0.0979748	0.0637652
0.118422	0.0731625
0.133964	0.0792213
0.152508	0.0836541
0.167082	0.0847372
0.184188	0.0826523
0.19822	0.0792234
0.204708	0.0761631
0.218767	0.0702627
0.233783	0.0608612
0.249808	0.0503488
0.26473	0.0375046
0.277165	0.0280727
0.287527	0.0196549
0.296163	0.0200105
0.303359	0.016372
0.309356	-0.0193705
0.314338	0
)
