(title "Y Velocity vs. Curve Length")
(labels "Curve Length" "Y Velocity")

((xy/key/label "line5")
0	9.92334
0.00212556	9.92313
0.0227687	9.92553
0.0424528	9.93144
0.0530279	9.93623
0.0562708	9.9378
0.0766263	9.95054
0.0979748	9.96743
0.118422	9.98788
0.133964	10.0043
0.152508	10.0227
0.167082	10.0374
0.184188	10.0549
0.19822	10.0705
0.204708	10.0799
0.218767	10.1008
0.233783	10.1182
0.249808	10.1327
0.26473	10.1457
0.277165	10.1562
0.287527	10.1728
0.296163	10.1614
0.303359	9.9088
0.309356	8.62182
0.314338	0
)
