(title "Y Velocity vs. Curve Length")
(labels "Curve Length" "Y Velocity")

((xy/key/label "line3")
0	9.9233
0.00161111	9.92315
0.015259	9.92451
0.0325557	9.92807
0.04556	9.93237
0.0616114	9.94077
0.078684	9.95225
0.0892056	9.96076
0.11145	9.98103
0.123265	9.9931
0.146771	10.021
0.161354	10.0411
0.180224	10.0678
0.197629	10.0915
0.204175	10.1023
0.218393	10.1287
0.23357	10.1563
0.249769	10.1856
0.264692	10.2174
0.277128	10.2311
0.287491	10.1815
0.296127	9.97843
0.303324	9.46599
0.309278	8.29274
0.31423	0
)
