(title "Y Velocity vs. Curve Length")
(labels "Curve Length" "Y Velocity")

((xy/key/label "line4")
0	0
0.00499822	8.57559
0.0109962	9.79461
0.0181937	10.1514
0.0268307	10.2006
0.0371951	10.185
0.0496323	10.1639
0.0645569	10.1433
0.0806603	10.1233
0.0957342	10.1033
0.109835	10.082
0.116647	10.0719
0.136724	10.0484
0.150818	10.0326
0.171392	10.0111
0.187652	9.99413
0.204625	9.97713
0.223975	9.96005
0.239933	9.94853
0.258384	9.93763
0.262446	9.93563
0.279174	9.92878
0.284289	9.92737
0.29934	9.92433
0.310016	9.92329
0.312558	9.92313
0.314442	9.92332
)
