(title "Y Velocity vs. Curve Length")
(labels "Curve Length" "Y Velocity")

((xy/key/label "line1")
0	9.92328
0.00193136	9.9232
0.0223149	9.92568
0.0262909	9.92673
0.0381078	9.93023
0.0559303	9.93799
0.0791709	9.95221
0.100127	9.96946
0.117926	9.98805
0.134724	10.0062
0.14635	10.0178
0.166981	10.0387
0.180531	10.0523
0.198826	10.0719
0.204677	10.0808
0.218708	10.1022
0.233718	10.1197
0.249752	10.1353
0.264671	10.1495
0.277104	10.1615
0.287464	10.1802
0.296098	10.172
0.303293	9.9208
0.309289	8.63727
0.31426	0
)
