(title "Y Velocity vs. Curve Length")
(labels "Curve Length" "Y Velocity")

((xy/key/label "line2")
0	0
0.00499676	8.85924
0.0109931	9.95801
0.0181889	10.179
0.0268239	10.2369
0.0371858	10.2277
0.0496201	10.207
0.0645396	10.1794
0.08059	10.1552
0.0956042	10.1305
0.109655	10.1038
0.117421	10.091
0.132287	10.0712
0.14249	10.0583
0.143766	10.0566
0.16549	10.0286
0.187569	10.001
0.199873	9.98643
0.221708	9.96389
0.237319	9.95106
0.25331	9.94063
0.272544	9.93133
0.275079	9.93044
0.292396	9.92564
0.312765	9.92318
0.314388	9.92328
)
