(title "Z Velocity vs. Curve Length")
(labels "Curve Length" "Z Velocity")

((xy/key/label "line1")
0	0.00198126
0.00193136	0.000531571
0.0223149	-0.0149375
0.0262909	-0.0179243
0.0381078	-0.0267041
0.0559303	-0.0389051
0.0791709	-0.0527597
0.100127	-0.0635165
0.117926	-0.0715326
0.134724	-0.0778116
0.14635	-0.0805038
0.166981	-0.08238
0.180531	-0.081113
0.198826	-0.076326
0.204677	-0.0730805
0.218708	-0.0667383
0.233718	-0.0571664
0.249752	-0.0458711
0.264671	-0.0327322
0.277104	-0.0236141
0.287464	-0.0168897
0.296098	-0.0199436
0.303293	-0.0203771
0.309289	0.0107306
0.31426	0
)
