(title "Z Velocity vs. Curve Length")
(labels "Curve Length" "Z Velocity")

((xy/key/label "line2")
0	0
0.00499676	0.214862
0.0109931	0.166936
0.0181889	0.0574075
0.0268239	0.0104924
0.0371858	-0.0403414
0.0496201	-0.0655729
0.0645396	-0.101997
0.08059	-0.11952
0.0956042	-0.136593
0.109655	-0.140556
0.117421	-0.142613
0.132287	-0.140776
0.14249	-0.138138
0.143766	-0.137762
0.16549	-0.127226
0.187569	-0.113019
0.199873	-0.10352
0.221708	-0.0851324
0.237319	-0.0716781
0.25331	-0.0574938
0.272544	-0.0391568
0.275079	-0.0367007
0.292396	-0.0198153
0.312765	0.000386937
0.314388	0.0019834
)
