(title "Z Velocity vs. Curve Length")
(labels "Curve Length" "Z Velocity")

((xy/key/label "line5")
0	0.00200485
0.00212556	0.000376753
0.0227687	-0.0151331
0.0424528	-0.0295119
0.0530279	-0.036742
0.0562708	-0.0389563
0.0766263	-0.0521104
0.0979748	-0.0633316
0.118422	-0.0699643
0.133964	-0.0727306
0.152508	-0.0750788
0.167082	-0.0762092
0.184188	-0.0760553
0.19822	-0.0750112
0.204708	-0.0729357
0.218767	-0.0694434
0.233783	-0.0619035
0.249808	-0.055008
0.26473	-0.0448075
0.277165	-0.0396293
0.287527	-0.0293273
0.296163	-0.0177679
0.303359	-0.000389474
0.309356	-0.0451586
0.314338	0
)
