(title "Z Velocity vs. Curve Length")
(labels "Curve Length" "Z Velocity")

((xy/key/label "line3")
0	0.00198867
0.00161111	0.000266276
0.015259	-0.0143411
0.0325557	-0.0328304
0.04556	-0.0465949
0.0616114	-0.0641005
0.078684	-0.0829784
0.0892056	-0.0936963
0.11145	-0.115276
0.123265	-0.12629
0.146771	-0.147937
0.161354	-0.160155
0.180224	-0.174305
0.197629	-0.187098
0.204175	-0.190904
0.218393	-0.203379
0.23357	-0.21438
0.249769	-0.230061
0.264692	-0.244246
0.277128	-0.261551
0.287491	-0.262604
0.296127	-0.239796
0.303324	-0.168045
0.309278	-0.108022
0.31423	0
)
