(title "Z Velocity vs. Curve Length")
(labels "Curve Length" "Z Velocity")

((xy/key/label "line4")
0	0
0.00499822	0.0422889
0.0109962	0.0111646
0.0181937	-0.0574469
0.0268307	-0.0946685
0.0371951	-0.114716
0.0496323	-0.12621
0.0645569	-0.137261
0.0806603	-0.143556
0.0957342	-0.146872
0.109835	-0.145163
0.116647	-0.144653
0.136724	-0.138175
0.150818	-0.13225
0.171392	-0.121908
0.187652	-0.11285
0.204625	-0.101375
0.223975	-0.0846812
0.239933	-0.0700917
0.258384	-0.0527652
0.262446	-0.0488653
0.279174	-0.032713
0.284289	-0.0277552
0.29934	-0.012907
0.310016	-0.00238188
0.312558	0.000126205
0.314442	0.00199833
)
