(title "X Velocity vs. Curve Length")
(labels "Curve Length" "X Velocity")

((xy/key/label "line3")
0	0
0.00495562	-0.103754
0.0109319	-0.144142
0.0181299	-0.0893387
0.0267675	-0.0339184
0.0371326	-0.0141334
0.0495706	-0.00878258
0.0644962	-0.0058256
0.080691	-0.00422268
0.0862809	-0.00335075
0.0987301	-0.0040696
0.118009	-0.00529988
0.129888	-0.00558545
0.152398	-0.00500253
0.16612	-0.00357504
0.186204	-0.00164555
0.205517	-0.000654435
0.220963	-0.000686692
0.241879	3.27904e-05
0.25816	0.000495843
0.278705	0.00106532
0.296879	0.00104951
0.303362	0.00101176
0.31432	0.000987251
)
