(title "X Velocity vs. Curve Length")
(labels "Curve Length" "X Velocity")

((xy/key/label "line2")
0	0.000981152
0.0166862	-0.00567864
0.03697	-0.0136533
0.0591046	-0.0217544
0.0802286	-0.0281314
0.100076	-0.033552
0.118576	-0.036968
0.136014	-0.0371963
0.153549	-0.0346945
0.167267	-0.0322881
0.189063	-0.0253339
0.195993	-0.0216904
0.206329	-0.0157239
0.2253	-0.00204067
0.233726	0.00697694
0.249849	0.0250606
0.264772	0.0484487
0.277207	0.0694468
0.28757	0.0724614
0.296206	-0.0198727
0.303375	-0.20665
0.309322	-0.395971
0.31427	0
)
