(title "X Velocity vs. Curve Length")
(labels "Curve Length" "X Velocity")

((xy/key/label "line5")
0	0.000950549
0.00484998	0.00457201
0.0259306	0.0204035
0.0408799	0.0309333
0.0608462	0.0445227
0.0783305	0.055635
0.0956114	0.0649482
0.11566	0.0735951
0.134868	0.0814377
0.13623	0.0819135
0.149669	0.086036
0.167075	0.0888902
0.187688	0.0878863
0.206386	0.0829806
0.217503	0.0784934
0.222853	0.0762477
0.233784	0.0692928
0.249778	0.058236
0.264698	0.047214
0.277132	0.0396743
0.287493	0.0315046
0.296128	0.0291539
0.303323	0.0147874
0.30932	-0.0316166
0.314315	0
)
