(title "X Velocity vs. Curve Length")
(labels "Curve Length" "X Velocity")

((xy/key/label "line1")
0	0
0.00499057	-0.0608798
0.010986	-0.00734701
0.0181813	-0.0110487
0.0268157	-0.0186776
0.037177	-0.0297141
0.0496106	-0.0376979
0.0645308	-0.0504547
0.0805483	-0.0580737
0.0867521	-0.0616198
0.10179	-0.0673479
0.120073	-0.073538
0.133158	-0.0766813
0.155001	-0.0794815
0.167008	-0.07948
0.167796	-0.0794754
0.190142	-0.0754192
0.206784	-0.0685099
0.228252	-0.0569844
0.246419	-0.0464729
0.26417	-0.0354657
0.283505	-0.0218825
0.298383	-0.0109916
0.31442	0.000962649
)
