(title "X Velocity vs. Curve Length")
(labels "Curve Length" "X Velocity")

((xy/key/label "line4")
0	0.000972461
0.00621205	0.00347978
0.0244643	0.0109404
0.0444911	0.0183206
0.0661046	0.0257878
0.0876873	0.0308579
0.1089	0.0335431
0.130078	0.0347116
0.148946	0.0341814
0.162778	0.0335011
0.181225	0.0305659
0.197831	0.0231829
0.21398	0.0125372
0.228359	0.0015813
0.233688	-0.00328779
0.249834	-0.0198074
0.264756	-0.0375948
0.277191	-0.0547809
0.287554	-0.059494
0.296189	2.93877e-06
0.303386	0.108687
0.309383	0.169866
0.31438	0
)
