(title "Y Velocity vs. Curve Length")
(labels "Curve Length" "Y Velocity")

((xy/key/label "line1")
0	0
0.00499057	8.46731
0.010986	9.77491
0.0181813	10.0505
0.0268157	10.0663
0.037177	10.0502
0.0496106	10.0395
0.0645308	10.0263
0.0805483	10.0058
0.0867521	9.99632
0.10179	9.98075
0.120073	9.96448
0.133158	9.95198
0.155001	9.92651
0.167008	9.91074
0.167796	9.90971
0.190142	9.88336
0.206784	9.86814
0.228252	9.85081
0.246419	9.83798
0.26417	9.82906
0.283505	9.82271
0.298383	9.81945
0.31442	9.81839
)
