(title "Y Velocity vs. Curve Length")
(labels "Curve Length" "Y Velocity")

((xy/key/label "line5")
0	9.8184
0.00484998	9.81832
0.0259306	9.82118
0.0408799	9.82564
0.0608462	9.83397
0.0783305	9.84442
0.0956114	9.85746
0.11566	9.87426
0.134868	9.89324
0.13623	9.89486
0.149669	9.91159
0.167075	9.93358
0.187688	9.95461
0.206386	9.97189
0.217503	9.98258
0.222853	9.9879
0.233784	10.0021
0.249778	10.0218
0.264698	10.0351
0.277132	10.0458
0.287493	10.0617
0.296128	10.0468
0.303323	9.77922
0.30932	8.48994
0.314315	0
)
