(title "Y Velocity vs. Curve Length")
(labels "Curve Length" "Y Velocity")

((xy/key/label "line2")
0	9.81841
0.0166862	9.81942
0.03697	9.82461
0.0591046	9.83381
0.0802286	9.84743
0.100076	9.86376
0.118576	9.88144
0.136014	9.9011
0.153549	9.92417
0.167267	9.94393
0.189063	9.97591
0.195993	9.9858
0.206329	10.0001
0.2253	10.0252
0.233726	10.0384
0.249849	10.0654
0.264772	10.0917
0.277207	10.1139
0.28757	10.1322
0.296206	10.0854
0.303375	9.84216
0.309322	8.68407
0.31427	0
)
