(title "Y Velocity vs. Curve Length")
(labels "Curve Length" "Y Velocity")

((xy/key/label "line4")
0	9.81842
0.00621205	9.8185
0.0244643	9.82102
0.0444911	9.82688
0.0661046	9.83734
0.0876873	9.85192
0.1089	9.86939
0.130078	9.88941
0.148946	9.90981
0.162778	9.92661
0.181225	9.94883
0.197831	9.96732
0.21398	9.9852
0.228359	10.002
0.233688	10.01
0.249834	10.0332
0.264756	10.0532
0.277191	10.073
0.287554	10.0892
0.296189	10.0444
0.303386	9.69592
0.309383	8.48798
0.31438	0
)
