(title "Y Velocity vs. Curve Length")
(labels "Curve Length" "Y Velocity")

((xy/key/label "line3")
0	0
0.00495562	8.25685
0.0109319	9.4338
0.0181299	9.91715
0.0267675	10.0911
0.0371326	10.1234
0.0495706	10.104
0.0644962	10.0733
0.080691	10.0425
0.0862809	10.0322
0.0987301	10.0126
0.118009	9.98376
0.129888	9.96619
0.152398	9.93507
0.16612	9.91696
0.186204	9.89174
0.205517	9.87134
0.220963	9.85732
0.241879	9.8418
0.25816	9.83247
0.278705	9.82404
0.296879	9.81965
0.303362	9.8189
0.31432	9.81843
)
