(title "Z Velocity vs. Curve Length")
(labels "Curve Length" "Z Velocity")

((xy/key/label "line1")
0	0
0.00499057	0.0455228
0.010986	-0.00416282
0.0181813	-0.0200884
0.0268157	-0.0238348
0.037177	-0.0329698
0.0496106	-0.0413073
0.0645308	-0.0535126
0.0805483	-0.0658695
0.0867521	-0.0706432
0.10179	-0.0777775
0.120073	-0.0835752
0.133158	-0.0856225
0.155001	-0.0851487
0.167008	-0.0823675
0.167796	-0.0821766
0.190142	-0.0744157
0.206784	-0.0676158
0.228252	-0.0573581
0.246419	-0.0467771
0.26417	-0.0352224
0.283505	-0.0213355
0.298383	-0.0104175
0.31442	0.00174081
)
