(title "Z Velocity vs. Curve Length")
(labels "Curve Length" "Z Velocity")

((xy/key/label "line2")
0	0.00173561
0.0166862	-0.0147948
0.03697	-0.0344868
0.0591046	-0.0560063
0.0802286	-0.0754847
0.100076	-0.0918471
0.118576	-0.105304
0.136014	-0.117271
0.153549	-0.128507
0.167267	-0.135431
0.189063	-0.141723
0.195993	-0.14188
0.206329	-0.141207
0.2253	-0.137015
0.233726	-0.129361
0.249849	-0.11825
0.264772	-0.0888949
0.277207	-0.0742447
0.28757	-0.0368109
0.296206	-0.00788271
0.303375	0.0854302
0.309322	0.110937
0.31427	0
)
