(title "Z Velocity vs. Curve Length")
(labels "Curve Length" "Z Velocity")

((xy/key/label "line4")
0	0.00172407
0.00621205	-0.00441539
0.0244643	-0.0223487
0.0444911	-0.041551
0.0661046	-0.0614506
0.0876873	-0.0801133
0.1089	-0.0968135
0.130078	-0.112267
0.148946	-0.123193
0.162778	-0.128562
0.181225	-0.133281
0.197831	-0.136368
0.21398	-0.137623
0.228359	-0.13617
0.233688	-0.134094
0.249834	-0.128068
0.264756	-0.117033
0.277191	-0.107202
0.287554	-0.0898171
0.296189	-0.0581628
0.303386	0.0052789
0.309383	0.0250633
0.31438	0
)
