(title "Z Velocity vs. Curve Length")
(labels "Curve Length" "Z Velocity")

((xy/key/label "line5")
0	0.00172556
0.00484998	-0.00192753
0.0259306	-0.0177221
0.0408799	-0.028434
0.0608462	-0.0417717
0.0783305	-0.0526384
0.0956114	-0.0623569
0.11566	-0.0719699
0.134868	-0.0777514
0.13623	-0.0778927
0.149669	-0.0786916
0.167075	-0.0774699
0.187688	-0.0744961
0.206386	-0.069021
0.217503	-0.0648353
0.222853	-0.0627473
0.233784	-0.0571089
0.249778	-0.04968
0.264698	-0.0363186
0.277132	-0.0285316
0.287493	-0.0171624
0.296128	-0.00949839
0.303323	-0.00467213
0.30932	-0.060182
0.314315	0
)
