(title "Z Velocity vs. Curve Length")
(labels "Curve Length" "Z Velocity")

((xy/key/label "line3")
0	0
0.00495562	-0.0959041
0.0109319	-0.141211
0.0181299	-0.197736
0.0267675	-0.21448
0.0371326	-0.218275
0.0495706	-0.209808
0.0644962	-0.205416
0.080691	-0.197486
0.0862809	-0.196057
0.0987301	-0.189662
0.118009	-0.179421
0.129888	-0.171806
0.152398	-0.155691
0.16612	-0.145321
0.186204	-0.12834
0.205517	-0.110516
0.220963	-0.0954505
0.241879	-0.0744345
0.25816	-0.0576775
0.278705	-0.0361043
0.296879	-0.0169667
0.303362	-0.010037
0.31432	0.00172307
)
