(title "X Velocity vs. Curve Length")
(labels "Curve Length" "X Velocity")

((xy/key/label "line5")
0	0
0.0105252	0
0.0324564	0
0.0485489	0
0.0627849	0
0.0648227	0
0.0826463	0
0.0857791	0
0.0965088	0
0.115086	0
0.131551	0
0.14739	0
0.166712	-0.616169
0.182459	-0.575588
0.199712	-0.575173
0.22227	-0.550567
0.238013	-0.562931
0.241953	-0.561947
0.252351	-0.566933
0.264039	-0.562585
0.274916	-0.548618
0.284829	-0.506577
0.293105	-0.468111
0.299994	-0.480383
0.305667	-0.612182
0.310357	-0.671373
0.314234	0
)
