(title "X Velocity vs. Curve Length")
(labels "Curve Length" "X Velocity")

((xy/key/label "line3")
0	0
0.00370547	-0.68067
0.00815299	-0.581768
0.0134815	-0.300861
0.0198759	0.0840881
0.0275585	0.35404
0.0367938	0.429258
0.0478754	0.394227
0.0605749	0.339083
0.0667943	0.318349
0.0841042	0.333547
0.0940994	0.341829
0.111912	0.114034
0.132279	-1.10529
0.147769	-2.64192
0.167222	0
0.183958	0
0.204139	0
0.21653	0
0.235254	0
0.256598	0
0.272757	0
0.292385	0
0.311359	0
0.314498	0
)
