(title "X Velocity vs. Curve Length")
(labels "Curve Length" "X Velocity")

((xy/key/label "line1")
0	0
0.00358424	-0.933401
0.00792599	-0.546198
0.0131796	-0.219364
0.0195479	0.00705036
0.0271883	0.0672643
0.036366	0.108664
0.0473734	0.141976
0.0599714	0.167453
0.0662972	0.170183
0.0820519	0.158847
0.0975845	0.111268
0.115594	0.0188933
0.131328	-0.212782
0.150381	-0.149446
0.164837	0
0.184209	0
0.197634	0
0.217343	0
0.237705	0
0.256848	0
0.264529	0
0.284245	0
0.286189	0
0.291307	0
0.311925	0
0.314336	0
)
