(title "X Velocity vs. Curve Length")
(labels "Curve Length" "X Velocity")

((xy/key/label "line4")
0	0
0.00521321	0
0.0133106	0
0.026327	0
0.0369344	0
0.0445198	0
0.0613604	0
0.0805038	0
0.0817623	0
0.101595	0
0.119665	0
0.134819	0
0.14846	0
0.166351	-1.30605
0.181854	-1.05693
0.20191	-0.840305
0.218063	-0.703571
0.236693	-0.60352
0.247426	-0.559857
0.254207	-0.535677
0.266744	-0.500328
0.277793	-0.476925
0.287008	-0.424365
0.294685	-0.336703
0.301085	-0.185956
0.306408	0.00176783
0.310785	0.378769
0.314396	0
)
