(title "Y Velocity vs. Curve Length")
(labels "Curve Length" "Y Velocity")

((xy/key/label "line2")
0	0
0.00363464	7.36405
0.0080617	10.1861
0.0133703	12.3703
0.0197358	13.2846
0.027382	13.4303
0.0365737	13.4643
0.0476361	13.5576
0.0603488	13.7032
0.0645043	13.7618
0.0822659	13.9299
0.0918451	13.9814
0.114924	14.0054
0.129135	13.975
0.149187	13.257
0.164705	0
0.184719	0
0.196279	0
0.216253	0
0.23728	0
0.256924	0
0.266783	0
0.269448	0
0.290707	0
0.311828	0
0.314347	0
)
