(title "Y Velocity vs. Curve Length")
(labels "Curve Length" "Y Velocity")

((xy/key/label "line4")
0	0
0.00521321	0
0.0133106	0
0.026327	0
0.0369344	0
0.0445198	0
0.0613604	0
0.0805038	0
0.0817623	0
0.101595	0
0.119665	0
0.134819	0
0.14846	0
0.166351	12.5218
0.181854	13.9545
0.20191	14.0787
0.218063	13.9866
0.236693	13.8988
0.247426	13.8553
0.254207	13.8265
0.266744	13.7785
0.277793	13.7647
0.287008	13.8026
0.294685	13.7912
0.301085	13.3701
0.306408	12.1209
0.310785	10.2401
0.314396	0
)
