(title "Y Velocity vs. Curve Length")
(labels "Curve Length" "Y Velocity")

((xy/key/label "line5")
0	0
0.0105252	0
0.0324564	0
0.0485489	0
0.0627849	0
0.0648227	0
0.0826463	0
0.0857791	0
0.0965088	0
0.115086	0
0.131551	0
0.14739	0
0.166712	13.595
0.182459	14.2348
0.199712	14.098
0.22227	13.8908
0.238013	13.7571
0.241953	13.7242
0.252351	13.6221
0.264039	13.5055
0.274916	13.4398
0.284829	13.4499
0.293105	13.3747
0.299994	12.6838
0.305667	11.0279
0.310357	8.81569
0.314234	0
)
