(title "Y Velocity vs. Curve Length")
(labels "Curve Length" "Y Velocity")

((xy/key/label "line1")
0	0
0.00358424	8.67646
0.00792599	10.7738
0.0131796	12.4616
0.0195479	13.3121
0.0271883	13.4589
0.036366	13.4431
0.0473734	13.4889
0.0599714	13.6062
0.0662972	13.6709
0.0820519	13.8144
0.0975845	13.953
0.115594	14.1284
0.131328	14.2653
0.150381	13.1855
0.164837	0
0.184209	0
0.197634	0
0.217343	0
0.237705	0
0.256848	0
0.264529	0
0.284245	0
0.286189	0
0.291307	0
0.311925	0
0.314336	0
)
