(title "Z Velocity vs. Curve Length")
(labels "Curve Length" "Z Velocity")

((xy/key/label "line2")
0	0
0.00363464	0.588043
0.0080617	0.663556
0.0133703	0.581195
0.0197358	0.555953
0.027382	0.518626
0.0365737	0.518556
0.0476361	0.500615
0.0603488	0.459864
0.0645043	0.434923
0.0822659	0.338484
0.0918451	0.294789
0.114924	0.353658
0.129135	0.64311
0.149187	1.59052
0.164705	0
0.184719	0
0.196279	0
0.216253	0
0.23728	0
0.256924	0
0.266783	0
0.269448	0
0.290707	0
0.311828	0
0.314347	0
)
