(title "Z Velocity vs. Curve Length")
(labels "Curve Length" "Z Velocity")

((xy/key/label "line3")
0	0
0.00370547	-0.0521934
0.00815299	-0.0150865
0.0134815	-0.0544853
0.0198759	0.00415766
0.0275585	0.0791681
0.0367938	0.194153
0.0478754	0.314722
0.0605749	0.447956
0.0667943	0.515085
0.0841042	0.735901
0.0940994	0.888218
0.111912	1.17612
0.132279	1.29536
0.147769	1.41083
0.167222	0
0.183958	0
0.204139	0
0.21653	0
0.235254	0
0.256598	0
0.272757	0
0.292385	0
0.311359	0
0.314498	0
)
