(title "Z Velocity vs. Curve Length")
(labels "Curve Length" "Z Velocity")

((xy/key/label "line1")
0	0
0.00358424	0.760473
0.00792599	0.712256
0.0131796	0.547051
0.0195479	0.504742
0.0271883	0.520858
0.036366	0.561056
0.0473734	0.575202
0.0599714	0.578344
0.0662972	0.578419
0.0820519	0.572452
0.0975845	0.550635
0.115594	0.573589
0.131328	0.579366
0.150381	0.679509
0.164837	0
0.184209	0
0.197634	0
0.217343	0
0.237705	0
0.256848	0
0.264529	0
0.284245	0
0.286189	0
0.291307	0
0.311925	0
0.314336	0
)
