(title "Z Velocity vs. Curve Length")
(labels "Curve Length" "Z Velocity")

((xy/key/label "line5")
0	0
0.0105252	0
0.0324564	0
0.0485489	0
0.0627849	0
0.0648227	0
0.0826463	0
0.0857791	0
0.0965088	0
0.115086	0
0.131551	0
0.14739	0
0.166712	-0.166326
0.182459	-0.180763
0.199712	0.0397673
0.22227	0.148199
0.238013	0.175567
0.241953	0.175097
0.252351	0.177994
0.264039	0.156476
0.274916	0.122049
0.284829	0.0782371
0.293105	0.0234659
0.299994	-0.159509
0.305667	-0.472551
0.310357	-0.84022
0.314234	0
)
