(title "Z Velocity vs. Curve Length")
(labels "Curve Length" "Z Velocity")

((xy/key/label "line4")
0	0
0.00521321	0
0.0133106	0
0.026327	0
0.0369344	0
0.0445198	0
0.0613604	0
0.0805038	0
0.0817623	0
0.101595	0
0.119665	0
0.134819	0
0.14846	0
0.166351	0.148554
0.181854	0.376749
0.20191	0.476865
0.218063	0.368943
0.236693	0.26296
0.247426	0.204477
0.254207	0.16018
0.266744	0.067568
0.277793	-0.0123487
0.287008	-0.102225
0.294685	-0.148774
0.301085	-0.204858
0.306408	-0.1731
0.310785	-0.21223
0.314396	0
)
