(title "X Velocity vs. Curve Length")
(labels "Curve Length" "X Velocity")

((xy/key/label "line2")
0	0
0.00369828	-1.15887
0.00814027	-0.936168
0.0134677	-0.592542
0.0198573	-0.117268
0.0275274	0.240058
0.0367432	0.382623
0.0478236	0.391716
0.0605932	0.367028
0.0654904	0.367724
0.0786346	0.380285
0.0979962	0.291494
0.115623	-0.0927787
0.131581	-0.811201
0.14968	-1.70222
0.165485	0
0.182345	0
0.202864	0
0.221932	0
0.243713	0
0.264038	0
0.28492	0
0.30281	0
0.31459	0
)
