(title "X Velocity vs. Curve Length")
(labels "Curve Length" "X Velocity")

((xy/key/label "line4")
0	0
0.00369835	0.498548
0.00812812	0.229595
0.0134404	-0.0194802
0.0198156	-0.22833
0.0274696	-0.340061
0.0366559	-0.38787
0.0476935	-0.420548
0.0602972	-0.474296
0.0694792	-0.529396
0.080109	-0.607746
0.0975204	-0.782596
0.115184	-1.07705
0.127678	-1.29645
0.150774	-1.46318
0.164431	0
0.183703	0
0.200987	0
0.221898	0
0.239662	0
0.25695	0
0.267347	0
0.274701	0
0.293674	0
0.314572	0
)
