(title "X Velocity vs. Curve Length")
(labels "Curve Length" "X Velocity")

((xy/key/label "line3")
0	0
0.00370511	-0.821887
0.00814837	-0.729804
0.0134724	-0.506385
0.0198621	-0.117318
0.0275356	0.335403
0.0367533	0.615588
0.047837	0.670278
0.0606081	0.650431
0.0677236	0.685816
0.0745185	0.734357
0.0933941	0.728011
0.0956387	0.678185
0.111562	0.163986
0.127748	-1.18171
0.149725	-3.39855
0.164942	0
0.183269	0
0.200102	0
0.21585	0
0.236842	0
0.25087	0
0.272659	0
0.295173	0
0.314494	0
)
