(title "X Velocity vs. Curve Length")
(labels "Curve Length" "X Velocity")

((xy/key/label "line5")
0	0
0.00368769	-0.962312
0.0081254	-0.956314
0.01344	-0.820616
0.01981	-0.657495
0.0274453	-0.565342
0.0366137	-0.55618
0.0476303	-0.554626
0.0602503	-0.552918
0.0651813	-0.550782
0.0820054	-0.552916
0.0896828	-0.550915
0.0920331	-0.551337
0.117065	-0.55549
0.127735	-0.483383
0.151591	-0.348287
0.164389	0
0.187913	0
0.201359	0
0.221044	0
0.238682	0
0.255914	0
0.266511	0
0.273672	0
0.293801	0
0.314374	0
)
