(title "X Velocity vs. Curve Length")
(labels "Curve Length" "X Velocity")

((xy/key/label "line1")
0	0
0.00368186	-0.928722
0.00812838	-0.74847
0.0134521	-0.494118
0.01983	-0.196896
0.0274799	-0.0825175
0.0366637	-0.0641575
0.0476982	-0.0673768
0.0603239	-0.0696963
0.0664019	-0.0745384
0.080163	-0.0987703
0.0953844	-0.160978
0.110883	-0.248414
0.131009	-0.47033
0.148011	-0.420681
0.166328	0
0.182944	0
0.202991	0
0.215321	0
0.236796	0
0.248717	0
0.268689	0
0.284822	0
0.305153	0
0.314592	0
)
