(title "Y Velocity vs. Curve Length")
(labels "Curve Length" "Y Velocity")

((xy/key/label "line5")
0	0
0.00368769	9.10084
0.0081254	10.7957
0.01344	12.1629
0.01981	13.4483
0.0274453	13.8943
0.0366137	13.9268
0.0476303	13.9241
0.0602503	13.9617
0.0651813	13.9851
0.0820054	14.0944
0.0896828	14.155
0.0920331	14.1739
0.117065	14.353
0.127735	14.2889
0.151591	12.2811
0.164389	0
0.187913	0
0.201359	0
0.221044	0
0.238682	0
0.255914	0
0.266511	0
0.273672	0
0.293801	0
0.314374	0
)
