(title "Y Velocity vs. Curve Length")
(labels "Curve Length" "Y Velocity")

((xy/key/label "line3")
0	0
0.00370511	6.86026
0.00814837	8.71331
0.0134724	10.5014
0.0198621	12.1839
0.0275356	13.3586
0.0367533	13.8544
0.047837	13.9865
0.0606081	14.0651
0.0677236	14.1168
0.0745185	14.1452
0.0933941	14.0031
0.0956387	13.9557
0.111562	13.5756
0.127748	13.0724
0.149725	11.4712
0.164942	0
0.183269	0
0.200102	0
0.21585	0
0.236842	0
0.25087	0
0.272659	0
0.295173	0
0.314494	0
)
