(title "Z Velocity vs. Curve Length")
(labels "Curve Length" "Z Velocity")

((xy/key/label "line4")
0	0
0.00369835	0.254272
0.00812812	0.205657
0.0134404	0.125854
0.0198156	0.0776402
0.0274696	0.057789
0.0366559	0.0827823
0.0476935	0.127394
0.0602972	0.189456
0.0694792	0.240202
0.080109	0.295481
0.0975204	0.400832
0.115184	0.435557
0.127678	0.260641
0.150774	-0.30177
0.164431	0
0.183703	0
0.200987	0
0.221898	0
0.239662	0
0.25695	0
0.267347	0
0.274701	0
0.293674	0
0.314572	0
)
