(title "Z Velocity vs. Curve Length")
(labels "Curve Length" "Z Velocity")

((xy/key/label "line3")
0	0
0.00370511	0.232801
0.00814837	0.177123
0.0134724	0.0699542
0.0198621	0.00323588
0.0275356	0.0265285
0.0367533	0.122361
0.047837	0.249683
0.0606081	0.393785
0.0677236	0.486127
0.0745185	0.558779
0.0933941	0.784248
0.0956387	0.812719
0.111562	1.03464
0.127748	1.20913
0.149725	1.25914
0.164942	0
0.183269	0
0.200102	0
0.21585	0
0.236842	0
0.25087	0
0.272659	0
0.295173	0
0.314494	0
)
