(title "Z Velocity vs. Curve Length")
(labels "Curve Length" "Z Velocity")

((xy/key/label "line5")
0	0
0.00368769	-0.913829
0.0081254	-0.738904
0.01344	-0.487531
0.01981	-0.200784
0.0274453	-0.0980376
0.0366137	-0.0800381
0.0476303	-0.0796183
0.0602503	-0.0810256
0.0651813	-0.0856674
0.0820054	-0.120888
0.0896828	-0.154013
0.0920331	-0.164546
0.117065	-0.326564
0.127735	-0.438807
0.151591	-0.380068
0.164389	0
0.187913	0
0.201359	0
0.221044	0
0.238682	0
0.255914	0
0.266511	0
0.273672	0
0.293801	0
0.314374	0
)
