(title "Z Velocity vs. Curve Length")
(labels "Curve Length" "Z Velocity")

((xy/key/label "line1")
0	0
0.00368186	0.968663
0.00812838	0.958666
0.0134521	0.820154
0.01983	0.650149
0.0274799	0.548069
0.0366637	0.537667
0.0476982	0.536328
0.0603239	0.532253
0.0664019	0.529142
0.080163	0.528111
0.0953844	0.520319
0.110883	0.539385
0.131009	0.451621
0.148011	0.368451
0.166328	0
0.182944	0
0.202991	0
0.215321	0
0.236796	0
0.248717	0
0.268689	0
0.284822	0
0.305153	0
0.314592	0
)
