(title "X Velocity vs. Curve Length")
(labels "Curve Length" "X Velocity")

((xy/key/label "line2")
0	0
0.0036996	0.192338
0.0081411	0.332082
0.0134749	0.41244
0.0198717	0.443116
0.0275522	0.430651
0.0367658	0.459972
0.0478436	0.566713
0.060626	0.755444
0.0679571	0.908726
0.0827515	1.29805
0.0931868	1.60535
0.110548	2.05373
0.132864	2.15225
0.145748	1.91958
0.167779	0.0380366
0.175166	0.0571669
0.179705	0.0675254
0.198285	0.0726859
0.215878	0.0570588
0.231241	0.0448028
0.252817	0.0484308
0.27304	0.0267019
0.276869	0.024445
0.290579	0.0127109
0.304544	0.0061316
0.310498	0.00227327
0.314362	0.000225935
)
