(title "X Velocity vs. Curve Length")
(labels "Curve Length" "X Velocity")

((xy/key/label "line5")
0	0
0.00363423	-5.02812
0.00806722	-3.91731
0.013383	-2.6845
0.0197463	-1.171
0.0273766	0.249983
0.0365305	1.14589
0.0475311	1.35931
0.0601807	1.34875
0.0683878	1.32093
0.083824	1.02169
0.0944293	0.668774
0.107482	-0.104845
0.127324	-2.16766
0.147247	-3.57894
0.165766	0
0.181299	0
0.196724	0
0.215304	0
0.236249	0
0.25831	0
0.25868	0
0.277658	0
0.298849	0
0.314304	0
)
