(title "X Velocity vs. Curve Length")
(labels "Curve Length" "X Velocity")

((xy/key/label "line3")
0	0.000326754
0.00749807	0.00415046
0.0298542	0.0129161
0.0491485	0.0207534
0.0548452	0.02792
0.0624268	0.0369329
0.0803274	0.0280082
0.0990686	0.048296
0.111978	0.0387759
0.132586	0.0408296
0.1469	0.0243782
0.167922	-0.457244
0.180294	-0.125718
0.203515	0.316588
0.217866	0.311251
0.23379	0.28582
0.247759	0.24555
0.253782	0.236856
0.266504	0.212176
0.277556	0.205344
0.28675	0.201831
0.294404	0.17065
0.300777	0.0661689
0.306098	-0.0634224
0.310535	-0.127775
0.314229	0
)
