(title "X Velocity vs. Curve Length")
(labels "Curve Length" "X Velocity")

((xy/key/label "line4")
0	0
0.0101203	0
0.0269229	0
0.0492114	0
0.0500896	0
0.061917	0
0.0815202	0
0.102447	0
0.115842	0
0.133609	0
0.148184	0
0.165832	-0.885127
0.181735	-0.987896
0.199189	-0.736423
0.221767	-0.457592
0.235948	-0.341016
0.245345	-0.275239
0.254222	-0.230832
0.266808	-0.229015
0.277808	-0.255495
0.286965	-0.294533
0.294596	-0.419823
0.300957	-0.729447
0.30626	-1.03062
0.310689	-1.17318
0.314369	0
)
