(title "X Velocity vs. Curve Length")
(labels "Curve Length" "X Velocity")

((xy/key/label "line1")
0	0
0.00364592	2.0348
0.00808373	1.58636
0.0133993	1.16442
0.0197757	0.710959
0.0274149	0.349719
0.0365827	0.0880464
0.0475995	-0.0387797
0.0602522	-0.147188
0.0656341	-0.229442
0.0789696	-0.359229
0.091823	-0.42624
0.110012	-0.290287
0.132778	0.656933
0.145482	1.54098
0.168414	0.0295103
0.182592	0.0553935
0.202709	0.0587709
0.220126	0.0388668
0.237769	0.0443588
0.256329	0.0345077
0.272564	0.019051
0.294302	0.012123
0.3121	0.00135533
0.314421	0.000185707
)
