(title "Y Velocity vs. Curve Length")
(labels "Curve Length" "Y Velocity")

((xy/key/label "line2")
0	0
0.0036996	4.15167
0.0081411	6.5987
0.0134749	8.80936
0.0198717	11.6812
0.0275522	13.678
0.0367658	14.2586
0.0478436	14.3524
0.060626	14.4555
0.0679571	14.5287
0.0827515	14.463
0.0931868	14.2888
0.110548	13.6947
0.132864	13.0201
0.145748	12.2347
0.167779	0.0488397
0.175166	0.00904096
0.179705	-0.0116168
0.198285	-0.00366104
0.215878	-0.00449554
0.231241	-0.00527656
0.252817	-0.00425832
0.27304	-0.00472016
0.276869	-0.00473649
0.290579	-0.0060505
0.304544	-0.00936852
0.310498	-0.0113666
0.314362	-0.011581
)
