(title "Y Velocity vs. Curve Length")
(labels "Curve Length" "Y Velocity")

((xy/key/label "line1")
0	0
0.00364592	5.6743
0.00808373	6.22234
0.0133993	6.67182
0.0197757	7.74736
0.0274149	10.2059
0.0365827	13.251
0.0475995	14.5114
0.0602522	14.6534
0.0656341	14.7044
0.0789696	14.6433
0.091823	14.463
0.110012	14.0712
0.132778	14.0176
0.145482	13.6278
0.168414	0.0307087
0.182592	-0.0086928
0.202709	-0.00257046
0.220126	-0.0049675
0.237769	-0.00567318
0.256329	-0.00550903
0.272564	-0.00597828
0.294302	-0.00672907
0.3121	-0.0119137
0.314421	-0.0116165
)
