(title "Y Velocity vs. Curve Length")
(labels "Curve Length" "Y Velocity")

((xy/key/label "line3")
0	-0.0117493
0.00749807	-0.0101235
0.0298542	-0.00524049
0.0491485	-0.00567795
0.0548452	-0.00506386
0.0624268	-0.00424931
0.0803274	-0.00581574
0.0990686	-0.00344336
0.111978	-0.00276279
0.132586	-0.00802774
0.1469	0.0724897
0.167922	13.095
0.180294	14.2903
0.203515	14.6671
0.217866	14.6078
0.23379	14.4973
0.247759	14.4078
0.253782	14.3792
0.266504	14.3475
0.277556	14.324
0.28675	14.1668
0.294404	13.6923
0.300777	12.8576
0.306098	11.5383
0.310535	9.41221
0.314229	0
)
