(title "Z Velocity vs. Curve Length")
(labels "Curve Length" "Z Velocity")

((xy/key/label "line1")
0	0
0.00364592	4.883
0.00808373	3.72841
0.0133993	2.54376
0.0197757	1.11778
0.0274149	-0.215836
0.0365827	-1.07101
0.0475995	-1.2617
0.0602522	-1.25781
0.0656341	-1.26894
0.0789696	-1.06862
0.091823	-0.702492
0.110012	0.451361
0.132778	2.75691
0.145482	3.58014
0.168414	0.00302226
0.182592	-0.018741
0.202709	-0.018908
0.220126	-0.0112234
0.237769	-0.0122239
0.256329	-0.00868915
0.272564	-0.00469573
0.294302	-0.00220069
0.3121	-0.000505996
0.314421	-0.000189428
)
