(title "Z Velocity vs. Curve Length")
(labels "Curve Length" "Z Velocity")

((xy/key/label "line3")
0	-0.000132873
0.00749807	0.00299958
0.0298542	0.00874328
0.0491485	0.0138973
0.0548452	0.0180011
0.0624268	0.0231232
0.0803274	0.0195746
0.0990686	0.0314575
0.111978	0.0274183
0.132586	0.0315589
0.1469	0.039648
0.167922	2.10942
0.180294	1.96933
0.203515	1.48868
0.217866	1.21144
0.23379	0.990802
0.247759	0.83713
0.253782	0.783076
0.266504	0.681774
0.277556	0.588157
0.28675	0.523509
0.294404	0.58482
0.300777	0.881688
0.306098	1.22915
0.310535	1.30933
0.314229	0
)
