(title "Z Velocity vs. Curve Length")
(labels "Curve Length" "Z Velocity")

((xy/key/label "line4")
0	0
0.0101203	0
0.0269229	0
0.0492114	0
0.0500896	0
0.061917	0
0.0815202	0
0.102447	0
0.115842	0
0.133609	0
0.148184	0
0.165832	1.01081
0.181735	0.957417
0.199189	0.881159
0.221767	0.760885
0.235948	0.778212
0.245345	0.823321
0.254222	0.83318
0.266808	0.867465
0.277808	0.894209
0.286965	0.904282
0.294596	0.980864
0.300957	1.1467
0.30626	1.30661
0.310689	1.23175
0.314369	0
)
