(title "Z Velocity vs. Curve Length")
(labels "Curve Length" "Z Velocity")

((xy/key/label "line2")
0	0
0.0036996	1.67995
0.0081411	1.57442
0.0134749	1.3707
0.0198717	0.894447
0.0275522	0.249407
0.0367658	-0.155628
0.0478436	-0.27631
0.060626	-0.358242
0.0679571	-0.43523
0.0827515	-0.59176
0.0931868	-0.521392
0.110548	0.402882
0.132864	3.32598
0.145748	4.7094
0.167779	0.0255165
0.175166	0.00864771
0.179705	-0.000233512
0.198285	0.00531819
0.215878	0.00644843
0.231241	0.0056934
0.252817	0.00645757
0.27304	0.00389782
0.276869	0.00370006
0.290579	0.00234374
0.304544	0.00127095
0.310498	0.000365982
0.314362	-0.000216009
)
