(title "Z Velocity vs. Curve Length")
(labels "Curve Length" "Z Velocity")

((xy/key/label "line5")
0	0
0.00363423	2.13339
0.00806722	1.7432
0.013383	1.32827
0.0197463	0.868586
0.0273766	0.484634
0.0365305	0.205637
0.0475311	0.0473806
0.0601807	-0.0950727
0.0683878	-0.217138
0.083824	-0.359984
0.0944293	-0.416548
0.107482	-0.356576
0.127324	0.369072
0.147247	1.72682
0.165766	0
0.181299	0
0.196724	0
0.215304	0
0.236249	0
0.25831	0
0.25868	0
0.277658	0
0.298849	0
0.314304	0
)
